X;Y;KOD_OBEC;NAZ_OBEC;KOD_ORP;NAZ_ORP;POCET_OBYV;MUZI;ZENY;OBYV_0_14;MUZI_0_14;ZENY_0_14;OBYV_15_64;MUZI_15_64;ZENY_15_64;OBYV_65;MUZI_65;ZENY_65
699442.768370178;5452831.95945251;500011;Želechovice nad Dřevnicí;7213;Zlín;1885;939;946;214;113;101;1276;657;619;395;169;226
647145.528776358;5541306.83298021;500020;Petrov nad Desnou;7111;Šumperk;1201;603;598;175;93;82;803;421;382;223;89;134
721712.630117402;5501804.57778924;500046;Libhošť;8115;Nový Jičín;1648;818;830;271;148;123;1099;547;552;278;123;155
717839.5574673;5486594.31997875;500062;Krhová;7210;Valašské Meziříčí;1976;971;1005;313;176;137;1313;643;670;350;152;198
712575.983661901;5483162.51405961;500071;Poličná;7210;Valašské Meziříčí;1722;875;847;255;137;118;1151;601;550;316;137;179
362705.244894275;5559757.46654087;500101;Bražec;4103;Karlovy Vary;0;0;0;0;0;0;0;0;0;0;0;0
357789.842695314;5566470.65119099;500127;Doupovské Hradiště;4106;Ostrov;0;0;0;0;0;0;0;0;0;0;0;0
685400.32423539;5495804.65791011;500135;Kozlov;7107;Olomouc;0;0;0;0;0;0;0;0;0;0;0;0
692279.764506851;5507295.14324301;500151;Luboměř pod Strážnou;7101;Hranice;0;0;0;0;0;0;0;0;0;0;0;0
681415.31974426;5512689.79216483;500160;Město Libavá;7110;Šternberk;0;0;0;0;0;0;0;0;0;0;0;0
436806.450542237;5404877.57786878;500194;Polná na Šumavě;3103;Český Krumlov;0;0;0;0;0;0;0;0;0;0;0;0
726035.603112884;5491308.0410729;500259;Veřovice;8105;Frenštát pod Radhoštěm;1970;983;987;284;155;129;1328;676;652;358;152;206
724195.630219945;5523340.92312287;500291;Vřesina;8119;Ostrava;2896;1413;1483;452;231;221;1915;946;969;529;236;293
664255.912143051;5496150.50366102;500496;Olomouc;7107;Olomouc;100154;47355;52799;15406;7861;7545;65731;32098;33633;19017;7396;11621
667372.038610632;5505409.29115708;500526;Bělkovice-Lašťany;7107;Olomouc;2240;1125;1115;425;230;195;1467;746;721;348;149;199
643043.227288159;5508863.54730322;500623;Bílá Lhota;7105;Litovel;1130;584;546;160;96;64;745;386;359;225;102;123
661968.920638478;5488332.24249415;500801;Blatec;7107;Olomouc;636;325;311;107;48;59;432;232;200;97;45;52
664398.469172746;5503407.82552928;500852;Bohuňovice;7107;Olomouc;2535;1254;1281;390;203;187;1709;860;849;436;191;245
636747.835663888;5506392.74941147;500861;Bouzov;7105;Litovel;1538;767;771;213;109;104;1039;538;501;286;120;166
658709.615193269;5489852.60853222;500879;Bystročice;7107;Olomouc;786;380;406;142;69;73;523;259;264;121;52;69
656901.568359017;5521621.86379704;501476;Dlouhá Loučka;7112;Uničov;1934;990;944;298;162;136;1301;672;629;335;156;179
670142.380803254;5504150.43354553;501646;Dolany;7107;Olomouc;2709;1322;1387;536;264;272;1759;875;884;414;183;231
648660.900640207;5493504.15269662;501751;Drahanovice;7107;Olomouc;1688;857;831;224;128;96;1165;612;553;299;117;182
663992.413629481;5484419.25097893;501794;Dub nad Moravou;7107;Olomouc;1588;803;785;278;158;120;1048;529;519;262;116;146
666505.177871044;5488018.56216491;501841;Grygov;7107;Olomouc;1487;728;759;266;126;140;958;506;452;263;96;167
673963.902324384;5503799.95698067;502146;Hlubočky;7107;Olomouc;4268;2109;2159;622;323;299;2831;1452;1379;815;334;481
657143.376757152;5492938.71964993;502235;Hněvotín;7107;Olomouc;1778;900;878;333;174;159;1213;615;598;232;111;121
660389.444006077;5510162.99688039;502405;Hnojice;7110;Šternberk;638;324;314;113;60;53;415;216;199;110;48;62
659261.032187353;5500974.97392894;502545;Horka nad Moravou;7107;Olomouc;2420;1208;1212;431;219;212;1563;811;752;426;178;248
647850.692135833;5502788.94621375;502839;Cholina;7105;Litovel;732;361;371;119;58;61;464;238;226;149;65;84
672535.463506994;5509159.66572471;503142;Jívová;7110;Šternberk;575;301;274;89;44;45;381;207;174;105;50;55
662275.718478858;5489732.97368656;503304;Kožušany-Tážaly;7107;Olomouc;876;427;449;142;65;77;563;287;276;171;75;96
509744.387838628;5571258.40814274;503410;Žitovlice;2118;Nymburk;182;89;93;27;14;13;105;53;52;50;22;28
649281.73384454;5505903.99263547;503444;Litovel;7105;Litovel;9879;4891;4988;1456;744;712;6531;3325;3206;1892;822;1070
639876.342831592;5502660.34614936;503622;Luká;7105;Litovel;844;410;434;123;68;55;548;280;268;173;62;111
653970.43152157;5490930.13832827;503657;Lutín;7107;Olomouc;3206;1577;1629;490;235;255;2198;1127;1071;518;215;303
668596.830421584;5485766.74897548;503738;Majetín;7107;Olomouc;1179;612;567;194;109;85;787;417;370;198;86;112
357545.85289587;5505251.21191007;503916;Kostelec;3213;Stříbro;567;286;281;111;54;57;399;209;190;57;23;34
683610.525091588;5505343.58444159;503941;Libavá;7107;Olomouc;929;488;441;116;70;46;720;381;339;93;37;56
645985.752039828;5508621.96097856;504246;Mladeč;7105;Litovel;751;416;335;103;57;46;518;301;217;130;58;72
553487.727302038;5537002.75099852;504301;Dřenice;5304;Chrudim;377;179;198;69;35;34;255;122;133;53;22;31
653593.387649947;5502700.9066959;504441;Náklo;7105;Litovel;1538;771;767;284;153;131;988;504;484;266;114;152
647955.95419127;5496474.30351659;504505;Náměšť na Hané;7107;Olomouc;2020;1011;1009;316;165;151;1310;689;621;394;157;237
660600.912433511;5518680.90575728;504785;Paseka;7112;Uničov;1273;639;634;234;118;116;845;439;406;194;82;112
552421.719264123;5532870.18022861;504807;Lány;5304;Chrudim;274;129;145;59;26;33;172;82;90;43;21;22
553468.545394617;5535325.37086281;504921;Třibřichy;5304;Chrudim;301;151;150;52;31;21;199;93;106;50;27;23
564344.200599444;5537156.18999064;504955;Dvakačovice;5304;Chrudim;172;98;74;29;15;14;115;68;47;28;15;13
562031.589076248;5527726.81803595;505005;Bítovany;5304;Chrudim;421;212;209;70;34;36;267;138;129;84;40;44
655442.178765492;5501537.48585667;505013;Příkazy;7107;Olomouc;1305;635;670;224;108;116;834;424;410;247;103;144
562941.667249904;5534432.84676423;505030;Dolní Bezděkov;5304;Chrudim;180;89;91;26;13;13;116;58;58;38;18;20
649793.719473316;5499267.26545926;505081;Senice na Hané;7105;Litovel;1808;897;911;257;127;130;1205;622;583;346;148;198
575457.82892358;5589222.4636276;505099;Červená Hora;5209;Náchod;198;105;93;34;22;12;135;70;65;29;13;16
651507.416825051;5492140.44492667;505111;Slatinice;7107;Olomouc;1553;802;751;233;130;103;1020;543;477;300;129;171
609360.87706968;5501240.61246122;505145;Březová nad Svitavou;5312;Svitavy;1719;847;872;322;167;155;1156;591;565;241;89;152
659931.92244039;5505827.08439827;505161;Štěpánov;7107;Olomouc;3485;1684;1801;531;245;286;2362;1205;1157;592;234;358
666791.285352473;5514403.87777175;505188;Šternberk;7110;Šternberk;13551;6527;7024;2065;1051;1014;8789;4363;4426;2697;1113;1584
653526.452872172;5523290.45716073;505218;Šumvald;7112;Uničov;1688;836;852;241;132;109;1141;576;565;306;128;178
653915.577531301;5495870.48035614;505269;Těšetice;7107;Olomouc;1275;623;652;192;97;95;856;432;424;227;94;133
649412.606544485;5520163.01911011;505293;Troubelice;7112;Uničov;1884;909;975;290;136;154;1289;656;633;305;117;188
674902.644779432;5490833.11714784;505366;Tršice;7107;Olomouc;1620;809;811;270;137;133;1049;553;496;301;119;182
618568.537523424;5499938.56538494;505391;Bělá u Jevíčka;5308;Moravská Třebová;351;181;170;45;26;19;229;126;103;77;29;48
657249.995904965;5514987.1496234;505501;Újezd;7112;Uničov;1372;693;679;200;110;90;906;463;443;266;120;146
429404.754056876;5593266.628874;505528;Jenčice;4208;Lovosice;334;172;162;44;21;23;219;120;99;71;31;40
651800.831941175;5514685.42502729;505587;Uničov;7112;Uničov;11579;5650;5929;1573;804;769;7763;3948;3815;2243;898;1345
670324.239953741;5495445.62858295;505609;Velká Bystřice;7107;Olomouc;3248;1619;1629;579;302;277;2107;1077;1030;562;240;322
668928.08087616;5491334.73935772;505650;Velký Týnec;7107;Olomouc;2851;1416;1435;554;280;274;1898;964;934;399;172;227
679538.961433837;5494535.81260296;505668;Velký Újezd;7107;Olomouc;1299;647;652;234;127;107;849;435;414;216;85;131
476898.074451522;5556868.51891648;505781;Zápy;2103;Brandýs nad Labem-Stará Boleslav;832;435;397;151;76;75;559;307;252;122;52;70
658133.902408377;5509847.77509485;505862;Žerotín;7110;Šternberk;463;231;232;73;32;41;315;169;146;75;30;45
708304.732462391;5535496.68470128;505927;Opava;8117;Opava;57676;27744;29932;8503;4393;4110;38370;19081;19289;10803;4270;6533
724668.526841864;5537231.14321928;506192;Bohuslavice;8109;Hlučín;1711;859;852;313;161;152;1161;594;567;237;104;133
721538.945537697;5538032.25933594;506214;Bolatice;8113;Kravaře;4452;2193;2259;744;352;392;3020;1552;1468;688;289;399
695688.988930477;5544286.42507011;506320;Brumovice;8117;Opava;1500;758;742;227;122;105;1042;525;517;231;111;120
706471.631238155;5520487.65332584;506451;Březová;8122;Vítkov;1389;707;682;250;126;124;925;479;446;214;102;112
687335.138005387;5519192.48143727;506460;Budišov nad Budišovkou;8122;Vítkov;2911;1456;1455;447;244;203;1926;994;932;538;218;320
347638.107921208;5587753.98781284;506486;Boží Dar;4106;Ostrov;236;116;120;42;22;20;160;75;85;34;19;15
336789.316265228;5583681.90775846;506494;Nové Hamry;4103;Karlovy Vary;334;188;146;36;20;16;231;132;99;67;36;31
370557.138956404;5553963.12871982;506621;Čichalov;4103;Karlovy Vary;157;70;87;24;9;15;106;51;55;27;10;17
408084.025634717;5502483.04498497;506664;Skořice;3211;Rokycany;248;134;114;31;18;13;169;91;78;48;25;23
622111.200661728;5440495.96718015;506699;Otmarov;6221;Židlochovice;325;166;159;76;41;35;210;106;104;39;19;20
722679.840761264;5534221.02887669;506702;Dolní Benešov;8109;Hlučín;4056;1997;2059;558;293;265;2765;1399;1366;733;305;428
722443.898819314;5525777.35416105;506711;Dolní Lhota;8119;Ostrava;1452;709;743;213;107;106;984;488;496;255;114;141
535339.292025519;5470245.98764819;506729;Dvorce;6105;Jihlava;190;95;95;23;13;10;125;66;59;42;16;26
698041.780344209;5473415.48755066;506737;Chvalčov;7201;Bystřice pod Hostýnem;1649;793;856;206;105;101;1094;543;551;349;145;204
722051.324975642;5531826.74346513;506753;Háj ve Slezsku;8117;Opava;3272;1586;1686;438;211;227;2137;1090;1047;697;285;412
647907.771055034;5476740.16224627;506761;Alojzov;7108;Prostějov;247;116;131;40;17;23;154;75;79;53;24;29
648813.662975064;5478785.85774387;506770;Seloutky;7108;Prostějov;511;255;256;82;42;40;319;170;149;110;43;67
729526.559273805;5532218.59607201;507016;Hlučín;8109;Hlučín;14020;6809;7211;2036;1014;1022;9232;4695;4537;2752;1100;1652
773289.092392669;5506582.53389297;507091;Nýdek;8121;Třinec;2036;996;1040;305;165;140;1359;683;676;372;148;224
715319.251474735;5543443.30085273;507105;Hněvošice;8117;Opava;1019;511;508;144;79;65;723;363;360;152;69;83
699837.525146093;5541693.78012621;507113;Holasovice;8117;Opava;1370;685;685;201;105;96;964;504;460;205;76;129
743345.213277842;5501235.21027353;507181;Pržno;8107;Frýdlant nad Ostravicí;1042;567;475;151;70;81;758;434;324;133;63;70
754781.620864141;5504982.43105722;507237;Komorní Lhotka;8121;Třinec;1300;654;646;225;110;115;818;425;393;257;119;138
719710.524288537;5529888.24723026;507261;Hrabyně;8117;Opava;1167;575;592;166;77;89;750;387;363;251;111;140
705975.446689017;5526035.71411748;507270;Hradec nad Moravicí;8117;Opava;5416;2653;2763;851;421;430;3618;1834;1784;947;398;549
723746.284836052;5541749.24156004;507334;Chuchelná;8113;Kravaře;1271;621;650;191;97;94;892;452;440;188;72;116
690414.734233752;5529478.92672173;507377;Jakartovice;8117;Opava;1045;543;502;153;88;65;698;372;326;194;83;111
746293.416705077;5501585.49679646;507423;Janovice;8107;Frýdlant nad Ostravicí;1883;943;940;304;165;139;1238;636;602;341;142;199
764944.573316017;5499077.27163385;507458;Košařiska;8121;Třinec;382;197;185;70;37;33;262;137;125;50;23;27
718922.762308824;5541433.25388851;507504;Kobeřice;8113;Kravaře;3301;1655;1646;539;269;270;2309;1199;1110;453;187;266
767574.764186051;5498799.9578982;507547;Milíkov;8110;Jablunkov;1329;671;658;187;93;94;931;496;435;211;82;129
717055.024252821;5535769.40010444;507580;Kravaře;8113;Kravaře;6681;3317;3364;1043;543;500;4547;2320;2227;1091;454;637
482996.625579473;5451695.40505166;507610;Doňov;3105;Jindřichův Hradec;78;36;42;14;6;8;47;22;25;17;8;9
486634.824089471;5449092.82330448;507628;Pleše;3105;Jindřichův Hradec;191;98;93;24;9;15;127;67;60;40;22;18
483802.48780257;5449664.26803643;507644;Újezdec;3105;Jindřichův Hradec;68;37;31;7;3;4;40;22;18;21;12;9
488217.050709985;5451703.94428437;507652;Višňová;3105;Jindřichův Hradec;82;47;35;14;9;5;53;30;23;15;8;7
485633.821429578;5450875.74305986;507695;Záhoří;3105;Jindřichův Hradec;108;55;53;17;7;10;78;40;38;13;8;5
528189.334401692;5434297.93459693;507717;Peč;3104;Dačice;456;251;205;86;52;34;304;162;142;66;37;29
493005.444880989;5460316.55576952;507733;Březina;3105;Jindřichův Hradec;128;65;63;13;7;6;79;41;38;36;17;19
492766.391961554;5443587.1302824;507784;Ratiboř;3105;Jindřichův Hradec;195;103;92;25;19;6;123;61;62;47;23;24
696655.253196548;5530722.41259087;507920;Litultovice;8117;Opava;918;459;459;167;93;74;591;304;287;160;62;98
732671.660303464;5530794.72712009;507971;Ludgeřovice;8109;Hlučín;4794;2375;2419;710;371;339;3173;1638;1535;911;366;545
493305.752434083;5441929.22934856;508004;Roseč;3105;Jindřichův Hradec;223;106;117;46;21;25;155;77;78;22;8;14
732161.141035269;5533679.16246193;508128;Markvartovice;8109;Hlučín;1970;993;977;318;177;141;1362;707;655;290;109;181
698338.629510784;5525225.4374692;508144;Melč;8122;Vítkov;620;330;290;94;49;45;400;223;177;126;58;68
511213.680029773;5443074.20050584;508152;Střížovice;3105;Jindřichův Hradec;591;296;295;77;37;40;422;218;204;92;41;51
530424.412266477;5439700.78839798;508357;Kostelní Vydří;3104;Dačice;160;89;71;21;12;9;109;63;46;30;14;16
716746.173828304;5531273.24884996;508373;Mokré Lazce;8117;Opava;1136;566;570;194;105;89;764;384;380;178;77;101
482578.741018409;5434710.88622661;508501;Lužnice;3114;Třeboň;423;208;215;68;37;31;285;146;139;70;25;45
476263.326600908;5438883.06401622;508683;Záblatí;3114;Třeboň;80;36;44;14;4;10;52;29;23;14;3;11
493369.958456233;5436900.20195014;509078;Plavsko;3105;Jindřichův Hradec;453;219;234;68;29;39;313;159;154;72;31;41
500451.65201382;5452456.48605889;509108;Kostelní Radouň;3105;Jindřichův Hradec;300;149;151;40;18;22;197;101;96;63;30;33
539204.2806341;5441349.1786568;509116;Červený Hrádek;3104;Dačice;211;106;105;40;17;23;141;77;64;30;12;18
492283.78620598;5409686.69151919;509141;Dvory nad Lužnicí;3114;Třeboň;322;157;165;42;14;28;219;116;103;61;27;34
488209.400255987;5419639.43497597;509191;Cep;3114;Třeboň;198;108;90;28;14;14;135;78;57;35;16;19
508890.780342927;5486824.76892705;509388;Arneštovice;6110;Pelhřimov;82;42;40;13;8;5;56;27;29;13;7;6
496001.062237976;5462549.85672062;509418;Bořetín;6110;Pelhřimov;106;57;49;22;11;11;69;40;29;15;6;9
712205.844394029;5541151.20908832;509574;Oldřišov;8117;Opava;1365;659;706;232;112;120;932;464;468;201;83;118
705870.556460362;5532295.96534107;509612;Otice;8117;Opava;1418;695;723;249;144;105;929;451;478;240;100;140
430123.504861249;5469314.63719037;509621;Předotice;3108;Písek;529;259;270;102;50;52;326;169;157;101;40;61
728591.972568265;5541089.84563811;509647;Píšť;8109;Hlučín;2115;1038;1077;303;158;145;1441;722;719;371;158;213
715857.081991708;5526216.01369045;509736;Pustá Polom;8117;Opava;1413;702;711;201;108;93;933;482;451;279;112;167
454536.238906123;5472245.71201722;509752;Křižanov;3107;Milevsko;104;52;52;17;4;13;66;38;28;21;10;11
711719.003682397;5530198.9825121;509841;Raduň;8117;Opava;1052;533;519;185;110;75;701;352;349;166;71;95
412677.676964101;5469363.61417205;510068;Čečelovice;3101;Blatná;194;94;100;30;17;13;114;56;58;50;21;29
710822.631866171;5521325.373325;510131;Skřipov;8117;Opava;1027;515;512;178;90;88;696;363;333;153;62;91
703416.544955297;5533144.46437582;510289;Slavkov;8117;Opava;1955;962;993;344;188;156;1313;651;662;298;123;175
715467.15644381;5541222.41411329;510297;Služovice;8117;Opava;819;405;414;126;63;63;590;304;286;103;38;65
700187.304816928;5535804.52840103;510343;Stěbořice;8117;Opava;1450;745;705;245;137;108;967;509;458;238;99;139
719540.236715326;5546948.24444488;510378;Sudice;8113;Kravaře;636;319;317;95;52;43;454;237;217;87;30;57
735220.202390745;5534033.46181336;510432;Šilheřovice;8109;Hlučín;1585;778;807;247;130;117;1088;553;535;250;95;155
717976.463135952;5538436.38110353;510483;Štěpánkovice;8113;Kravaře;3212;1573;1639;560;284;276;2231;1121;1110;421;168;253
716014.394384793;5533660.68968051;510491;Štítina;8117;Opava;1241;613;628;230;124;106;798;395;403;213;94;119
557866.295128911;5428256.41749244;510556;Láz;6106;Moravské Budějovice;277;139;138;39;19;20;194;99;95;44;21;23
573995.308365354;5454863.32519073;510645;Kojatín;6113;Třebíč;78;41;37;8;5;3;50;27;23;20;9;11
722778.280669311;5528622.79298502;510882;Velká Polom;8119;Ostrava;2036;985;1051;419;207;212;1289;644;645;328;134;194
695116.990114917;5538968.63333084;510891;Velké Heraltice;8117;Opava;1632;797;835;273;130;143;1065;549;516;294;118;176
713286.330130698;5536028.31644476;510939;Velké Hoštice;8117;Opava;1825;873;952;311;146;165;1246;615;631;268;112;156
581555.820148743;5453297.39691101;510980;Ocmanice;6107;Náměšť nad Oslavou;327;154;173;44;20;24;208;103;105;75;31;44
697913.057662404;5517291.58757102;511021;Vítkov;8122;Vítkov;5806;2840;2966;844;434;410;3875;1980;1895;1087;426;661
582954.016063564;5447011.36418072;511081;Sedlec;6107;Náměšť nad Oslavou;226;111;115;21;8;13;154;82;72;51;21;30
710558.646359053;5528254.08350028;511161;Vršovice;8117;Opava;502;269;233;78;52;26;352;189;163;72;28;44
581921.703259844;5450388.16606737;511242;Vícenice u Náměště nad Oslavou;6107;Náměšť nad Oslavou;376;197;179;55;27;28;253;139;114;68;31;37
551572.314080517;5431551.15186596;511307;Rácovice;6106;Moravské Budějovice;109;53;56;14;6;8;67;39;28;28;8;20
676481.712952822;5481821.14987742;511382;Přerov;7109;Přerov;43994;21270;22724;5981;3070;2911;28673;14469;14204;9340;3731;5609
570478.804412958;5463561.17380592;511412;Oslavička;6114;Velké Meziříčí;110;57;53;24;13;11;64;34;30;22;10;12
326983.718939212;5564928.20455542;511587;Josefov;4107;Sokolov;358;188;170;49;34;15;249;130;119;60;24;36
769484.591186599;5496929.78469319;511633;Bocanovice;8110;Jablunkov;425;228;197;58;33;25;308;170;138;59;25;34
776462.062430124;5494459.68665693;511935;Bukovec;8110;Jablunkov;1366;680;686;266;133;133;924;481;443;176;66;110
766642.95811864;5494053.59387468;511951;Dolní Lomná;8110;Jablunkov;875;429;446;150;67;83;589;299;290;136;63;73
763095.571267916;5491970.49721342;511986;Horní Lomná;8110;Jablunkov;380;209;171;45;23;22;263;159;104;72;27;45
775213.037110888;5497357.82717927;512028;Písek;8110;Jablunkov;1825;908;917;300;148;152;1277;658;619;248;102;146
770682.082428179;5502362.52545634;512176;Hrádek;8110;Jablunkov;1841;895;946;295;154;141;1263;638;625;283;103;180
740544.256478107;5500353.46895648;512184;Metylovice;8107;Frýdlant nad Ostravicí;1731;841;890;276;134;142;1150;584;566;305;123;182
749513.091969539;5510273.55624213;512192;Horní Domaslavice;8106;Frýdek-Místek;783;400;383;135;70;65;546;286;260;102;44;58
702146.725384946;5497288.0050397;512231;Bělotín;7101;Hranice;1854;927;927;312;160;152;1251;637;614;291;130;161
681721.457010216;5476820.90104212;512281;Beňov;7109;Přerov;686;340;346;101;53;48;460;232;228;125;55;70
688826.157452427;5482378.40750779;512401;Bezuchov;7109;Přerov;182;89;93;23;16;7;123;61;62;36;12;24
674759.177900414;5476590.93362218;512532;Bochoř;7109;Přerov;978;485;493;149;76;73;641;339;302;188;70;118
717101.52664163;5522438.85072149;512745;Těškovice;8117;Opava;827;397;430;93;37;56;594;308;286;140;52;88
669993.427149668;5483509.22625504;512800;Brodek u Přerova;7109;Přerov;1997;985;1012;290;149;141;1345;689;656;362;147;215
678595.806703108;5486594.39348498;512826;Buk;7109;Přerov;369;196;173;48;28;20;248;133;115;73;35;38
721215.583376097;5543193.63156412;512869;Strahovice;8113;Kravaře;882;441;441;142;82;60;607;306;301;133;53;80
696971.516149767;5483146.41807507;512877;Býškovice;7101;Hranice;403;200;203;81;42;39;261;128;133;61;30;31
692738.455917992;5526666.65891736;512893;Nové Lublice;8122;Vítkov;212;100;112;25;12;13;146;74;72;41;14;27
718884.914850298;5524747.71494421;512907;Kyjovice;8117;Opava;831;410;421;136;67;69;524;263;261;171;80;91
713600.858744879;5538739.22160048;512923;Chlebičov;8117;Opava;1127;543;584;189;93;96;760;378;382;178;72;106
725235.6255531;5540426.17537007;512974;Bělá;8109;Hlučín;660;315;345;81;38;43;475;243;232;104;34;70
668420.54859165;5482118.74745593;512982;Citov;7109;Přerov;557;278;279;81;39;42;382;203;179;94;36;58
425514.162608883;5561561.70687969;512991;Drnek;2124;Slaný;172;83;89;28;13;15;100;54;46;44;16;28
442974.970977323;5566023.02027822;513032;Kamenný Most;2124;Slaný;433;217;216;59;28;31;308;158;150;66;31;35
426775.637913021;5549073.45899293;513041;Lhota;2109;Kladno;647;311;336;127;64;63;382;184;198;138;63;75
671362.662872824;5487208.02850816;513059;Čelechovice;7109;Přerov;118;61;57;25;14;11;73;37;36;20;10;10
700608.378670115;5490842.44144751;513067;Černotín;7101;Hranice;786;379;407;99;52;47;562;279;283;125;48;77
440047.866896626;5570003.72953323;513075;Hobšovice;2124;Slaný;360;174;186;63;30;33;252;130;122;45;14;31
680107.131390363;5475051.95065181;513105;Dobrčice;7109;Přerov;232;120;112;37;19;18;165;92;73;30;9;21
437952.645745076;5550837.97033456;513113;Malé Přítočno;2109;Kladno;257;137;120;38;21;17;170;92;78;49;24;25
439310.87208677;5551347.5755995;513130;Dolany;2109;Kladno;281;154;127;47;26;21;194;111;83;40;17;23
506997.654943542;5537894.66164679;513148;Polní Voděrady;2110;Kolín;164;81;83;29;12;17;111;58;53;24;11;13
497043.404440697;5535757.40399576;513164;Ždánice;2110;Kolín;351;173;178;61;24;37;222;123;99;68;26;42
523486.233555664;5551234.43000773;513181;Dománovice;2110;Kolín;109;56;53;8;5;3;78;40;38;23;11;12
683007.234513215;5491417.13121747;513199;Dolní Újezd;7104;Lipník nad Bečvou;1219;620;599;185;100;85;833;431;402;201;89;112
501020.600146106;5541728.12704159;513202;Zalešany;2110;Kolín;99;55;44;11;7;4;53;31;22;35;17;18
684951.506072515;5477696.32459392;513211;Domaželice;7109;Přerov;578;290;288;87;42;45;403;211;192;88;37;51
688334.276581851;5478698.42793253;513229;Dřevohostice;7109;Přerov;1520;795;725;195;99;96;1066;586;480;259;110;149
521360.635237816;5551134.79878401;513237;Polní Chrčice;2110;Kolín;157;79;78;22;12;10;110;60;50;25;7;18
501979.226105509;5542851.19283567;513261;Žabonosy;2110;Kolín;236;112;124;34;19;15;147;71;76;55;22;33
525045.527636186;5548466.05748647;513270;Lipec;2110;Kolín;182;85;97;22;10;12;111;58;53;49;17;32
486061.834761026;5543494.99980916;513288;Mrzky;2106;Český Brod;168;88;80;28;15;13;110;57;53;30;16;14
488714.995180478;5541197.62806934;513369;Přehvozdí;2106;Český Brod;260;131;129;52;26;26;170;88;82;38;17;21
491135.953157083;5544407.93453693;513393;Přistoupim;2106;Český Brod;447;214;233;83;39;44;285;141;144;79;34;45
510814.58511276;5537493.39347742;513415;Kbel;2110;Kolín;204;100;104;34;16;18;128;68;60;42;16;26
512901.547905402;5538209.44273689;513423;Pašinka;2110;Kolín;339;174;165;45;25;20;222;120;102;72;29;43
446846.025192353;5537476.02089927;513431;Chýnice;2105;Černošice;383;190;193;68;38;30;255;127;128;60;25;35
464270.42711403;5537149.16958954;513458;Vestec;2105;Černošice;2422;1156;1266;581;295;286;1628;761;867;213;100;113
462373.262096608;5518321.59733269;513482;Vysoký Újezd;2101;Benešov;203;100;103;34;15;19;123;64;59;46;21;25
678543.956366656;5476120.35879489;513491;Horní Moštěnice;7109;Přerov;1651;846;805;249;140;109;1101;575;526;301;131;170
436625.008526887;5508272.9055938;513504;Dlouhá Lhota;2120;Příbram;412;201;211;80;45;35;275;134;141;57;22;35
443332.916824246;5497944.7478108;513512;Zduchovice;2120;Příbram;285;146;139;37;19;18;201;112;89;47;15;32
429031.5615329;5499437.05977077;513521;Lešetice;2120;Příbram;180;86;94;31;14;17;118;59;59;31;13;18
450621.931987178;5518219.80971716;513539;Velká Lečice;2107;Dobříš;163;82;81;16;5;11;106;58;48;41;19;22
455978.540391013;5502493.35173743;513547;Příčovy;2123;Sedlčany;300;141;159;43;21;22;211;104;107;46;16;30
434796.921365055;5509749.17068073;513555;Kotenčice;2120;Příbram;195;102;93;25;15;10;134;71;63;36;16;20
432729.104599365;5506958.16861331;513571;Občov;2120;Příbram;156;75;81;28;13;15;105;52;53;23;10;13
420749.110563277;5487037.27651991;513580;Hudčice;2120;Příbram;257;131;126;36;24;12;167;84;83;54;23;31
479861.543230492;5533863.30987922;513628;Klokočná;2122;Říčany;254;116;138;53;29;24;160;68;92;41;19;22
694094.072773694;5495416.51957656;513636;Hrabůvka;7101;Hranice;304;149;155;41;20;21;197;98;99;66;31;35
478955.036464116;5543090.43855213;513644;Zlatá;2103;Brandýs nad Labem-Stará Boleslav;297;148;149;68;35;33;208;102;106;21;11;10
444855.413254663;5421949.71118254;513661;Nová Ves;3103;Český Krumlov;415;208;207;79;42;37;270;136;134;66;30;36
613940.250414343;5497045.14213283;513695;Horní Smržov;6202;Boskovice;139;63;76;26;11;15;92;45;47;21;7;14
615296.66317283;5497109.98316779;513709;Roubanina;6202;Boskovice;132;53;79;12;6;6;91;39;52;29;8;21
551799.054234799;5559012.95158267;513717;Urbanice;5205;Hradec Králové;333;167;166;55;28;27;222;118;104;56;21;35
685950.86412374;5480550.92839576;513733;Hradčany;7109;Přerov;283;140;143;51;28;23;176;86;90;56;26;30
695442.883565666;5493172.86425187;513750;Hranice;7101;Hranice;18407;8918;9489;2767;1423;1344;12297;6182;6115;3343;1313;2030
708233.544127301;5491334.09503724;513768;Hustopeče nad Bečvou;7101;Hranice;1742;830;912;280;143;137;1178;573;605;284;114;170
698331.732684055;5503018.02044881;513873;Jindřichov;7101;Hranice;480;237;243;71;40;31;312;154;158;97;43;54
472112.325764148;5601649.38631048;513890;Skalka u Doks;5101;Česká Lípa;166;91;75;31;20;11;107;56;51;28;15;13
693971.915604162;5492850.72007867;514047;Klokočí;7101;Hranice;255;125;130;38;19;19;178;87;91;39;19;20
667354.176497787;5468782.49275973;514055;Kojetín;7109;Přerov;6176;3079;3097;950;504;446;4118;2127;1991;1108;448;660
672027.040021467;5485112.55167034;514152;Kokory;7109;Přerov;1136;532;604;158;83;75;755;369;386;223;80;143
475409.445108327;5595720.89775975;514161;Luka;5101;Česká Lípa;94;50;44;13;8;5;69;37;32;12;5;7
472991.142429716;5596237.02542647;514195;Ždírec;5101;Česká Lípa;131;69;62;27;15;12;84;45;39;20;9;11
479542.474476387;5613888.42131761;514276;Pertoltice pod Ralskem;5101;Česká Lípa;391;210;181;74;40;34;266;148;118;51;22;29
678092.122714677;5491194.35844919;514446;Lazníčky;7109;Přerov;209;96;113;29;11;18;140;71;69;40;14;26
678620.48004927;5488981.09675744;514471;Lazníky;7109;Přerov;552;283;269;80;43;37;381;200;181;91;40;51
689283.393828656;5486189.79110506;514497;Lhota;7104;Lipník nad Bečvou;323;166;157;41;19;22;218;117;101;64;30;34
674195.990389062;5485812.25801661;514527;Lhotka;7109;Přerov;64;30;34;15;8;7;40;20;20;9;2;7
687541.5391325;5490684.94997046;514705;Lipník nad Bečvou;7104;Lipník nad Bečvou;8179;4001;4178;1266;656;610;5510;2793;2717;1403;552;851
689618.687114903;5476663.4611898;514772;Lipová;7109;Přerov;278;139;139;34;18;16;184;95;89;60;26;34
684962.128935826;5476077.00037583;514802;Líšná;7109;Přerov;248;129;119;33;21;12;166;85;81;49;23;26
666375.072695417;5473954.96856842;515191;Lobodice;7109;Přerov;734;384;350;107;56;51;509;275;234;118;53;65
699880.832601713;5485518.10846492;515329;Malhotice;7101;Hranice;361;185;176;49;29;20;253;128;125;59;28;31
692622.563317996;5494053.78308651;515418;Milenov;7101;Hranice;412;202;210;58;28;30;298;152;146;56;22;34
705373.090311219;5490990.18767101;515477;Milotice nad Bečvou;7101;Hranice;301;159;142;44;26;18;211;114;97;46;19;27
673287.754341552;5487184.76813499;515787;Nelešovice;7109;Přerov;191;85;106;33;14;19;128;60;68;30;11;19
683916.019596217;5485759.15787958;515825;Oldřichov;7109;Přerov;129;59;70;20;9;11;94;47;47;15;3;12
698193.692025992;5487013.20857864;516201;Opatovice;7101;Hranice;824;422;402;128;65;63;556;297;259;140;60;80
689815.797840259;5483212.42328412;516350;Oprostovice;7109;Přerov;89;43;46;12;7;5;57;28;29;20;8;12
683145.734046249;5487221.81532797;516619;Osek nad Bečvou;7104;Lipník nad Bečvou;1219;608;611;196;91;105;833;434;399;190;83;107
694463.308727631;5487566.4497312;516635;Paršovice;7101;Hranice;387;197;190;53;28;25;280;143;137;54;26;28
695424.900841975;5501236.89263493;516686;Partutovice;7101;Hranice;495;254;241;80;41;39;332;179;153;83;34;49
685000.339262674;5482583.78226141;516694;Pavlovice u Přerova;7109;Přerov;708;365;343;88;52;36;445;248;197;175;65;110
683327.586577501;5479938.113144;516864;Podolí;7109;Přerov;222;115;107;33;13;20;152;88;64;37;14;23
663029.670730943;5473400.11747093;516899;Polkovice;7109;Přerov;503;256;247;80;41;39;324;174;150;99;41;58
705050.798679839;5495018.3111098;516911;Polom;7101;Hranice;249;125;124;52;28;24;161;80;81;36;17;19
692391.991794913;5502263.94965821;517101;Potštát;7101;Hranice;1223;627;596;159;88;71;839;439;400;225;100;125
679965.888631647;5485032.61672622;517151;Prosenice;7109;Přerov;824;406;418;107;53;54;552;288;264;165;65;100
700616.669586122;5481050.8716968;517208;Provodovice;7101;Hranice;138;67;71;23;11;12;94;46;48;21;10;11
679852.856609197;5474173.21323698;517224;Přestavlky;7109;Přerov;268;140;128;39;20;19;178;96;82;51;24;27
692852.10666942;5497470.85497158;517275;Radíkov;7101;Hranice;152;74;78;27;13;14;101;48;53;24;13;11
689789.958928378;5480453.03000484;517321;Radkova Lhota;7109;Přerov;223;86;137;11;4;7;90;48;42;122;34;88
690005.676531342;5478955.21365595;517437;Radkovy;7109;Přerov;150;79;71;20;10;10;104;57;47;26;12;14
690490.059350144;5484483.80119069;517445;Radotín;7104;Lipník nad Bečvou;183;89;94;28;13;15;130;66;64;25;10;15
682017.997388324;5483643.91095867;517534;Radslavice;7109;Přerov;1136;568;568;187;94;93;773;395;378;176;79;97
679900.425522537;5487627.54429827;517569;Radvanice;7109;Přerov;263;129;134;40;19;21;181;93;88;42;17;25
696068.698433968;5485446.91838028;517585;Rakov;7101;Hranice;405;206;199;65;40;25;271;141;130;69;25;44
672743.498045951;5481949.99990959;517607;Rokytnice;7109;Přerov;1477;680;797;215;110;105;1003;469;534;259;101;158
701524.905537813;5483885.6707808;517615;Rouské;7101;Hranice;251;125;126;40;22;18;167;85;82;44;18;26
677757.541635076;5473049.76697069;517666;Říkovice;7109;Přerov;483;238;245;73;34;39;318;162;156;92;42;50
702328.266011585;5488801.52371325;517747;Skalička;7101;Hranice;591;264;327;97;44;53;423;183;240;71;37;34
677252.348481971;5486875.16812583;517836;Sobíšky;7109;Přerov;147;81;66;10;8;2;111;61;50;26;12;14
691735.521629799;5483937.25165666;517844;Soběchleby;7104;Lipník nad Bečvou;597;310;287;87;54;33;424;218;206;86;38;48
680571.463982564;5472482.33644864;517887;Stará Ves;7109;Přerov;616;302;314;109;58;51;409;205;204;98;39;59
698008.647373169;5498761.33588828;517909;Střítež nad Ludinou;7101;Hranice;813;404;409;105;48;57;549;292;257;159;64;95
684146.65532357;5484602.50373336;518026;Sušice;7109;Přerov;333;160;173;39;21;18;227;113;114;67;26;41
697762.864456084;5489674.54934063;519031;Teplice nad Bečvou;7101;Hranice;385;195;190;59;37;22;254;122;132;72;36;36
666665.108290972;5477511.30840269;519146;Tovačov;7109;Přerov;2514;1192;1322;368;175;193;1666;824;842;480;193;287
670682.322765662;5477114.24850474;519651;Troubky;7109;Přerov;2045;1012;1033;291;154;137;1360;702;658;394;156;238
682303.232585399;5481332.63727308;520047;Tučín;7109;Přerov;422;206;216;58;34;24;280;138;142;84;34;50
699955.539684167;5488614.47093489;520306;Ústí;7101;Hranice;548;283;265;76;36;40;373;203;170;99;44;55
681024.966555948;5490091.70211358;520420;Veselíčko;7104;Lipník nad Bečvou;892;445;447;145;70;75;598;316;282;149;59;90
699370.453472379;5482558.01188304;521531;Všechovice;7101;Hranice;871;439;432;104;52;52;627;329;298;140;58;82
704324.183707439;5488906.55212673;522775;Zámrsky;7101;Hranice;247;125;122;53;23;30;144;81;63;50;21;29
692280.380277766;5481327.78848835;523453;Žákovice;7109;Přerov;213;102;111;33;18;15;151;69;82;29;15;14
681429.165965339;5479661.71952596;523640;Želatovice;7109;Přerov;545;281;264;71;35;36;378;206;172;96;40;56
640663.47503056;5537935.68895949;523704;Šumperk;7111;Šumperk;26478;12504;13974;3785;1933;1852;16877;8280;8597;5816;2291;3525
656382.677535616;5558912.22875335;523917;Bělá pod Pradědem;7102;Jeseník;1810;911;899;259;131;128;1264;662;602;287;118;169
648015.605673914;5583079.76918707;524891;Bernartice;7102;Jeseník;922;478;444;173;81;92;623;346;277;126;51;75
634779.887832379;5587683.59721183;525227;Bílá Voda;7102;Jeseník;324;168;156;80;42;38;196;102;94;48;24;24
638155.004206669;5534284.75026967;525588;Bludov;7111;Šumperk;3093;1526;1567;462;231;231;2045;1044;1001;586;251;335
635898.153046141;5543787.43249095;525804;Bohdíkov;7111;Šumperk;1325;677;648;200;103;97;903;470;433;222;104;118
639340.452370191;5520866.74178439;525880;Bohuslavice;7113;Zábřeh;515;261;254;88;51;37;333;168;165;94;42;52
634925.515695651;5535231.91799744;525979;Bohutín;7111;Šumperk;754;377;377;119;62;57;507;264;243;128;51;77
644485.259665406;5558439.18285767;526169;Branná;7111;Šumperk;291;153;138;50;28;22;198;105;93;43;20;23
527205.218871765;5536022.91553806;526622;Rohozec;2104;Čáslav;288;152;136;38;22;16;194;101;93;56;29;27
498857.208904472;5519286.23283666;528196;Podveky;2112;Kutná Hora;208;107;101;25;13;12;139;74;65;44;20;24
477637.616551714;5515133.54665434;529303;Benešov;2101;Benešov;16555;7914;8641;2603;1300;1303;10968;5428;5540;2984;1186;1798
475637.677866376;5507576.49454147;529451;Bystřice;2101;Benešov;4334;2145;2189;740;370;370;2862;1460;1402;732;315;417
488185.511699523;5518604.24556283;529478;Čakov;2101;Benešov;131;66;65;31;16;15;81;41;40;19;9;10
501956.808974853;5496504.02133728;529486;Čechtice;2125;Vlašim;1370;666;704;205;104;101;894;449;445;271;113;158
478806.255979602;5522224.53943563;529516;Čerčany;2101;Benešov;2774;1401;1373;476;251;225;1784;907;877;514;243;271
524986.712238763;5515670.33774493;529524;Čejkovice;2104;Čáslav;35;17;18;1;0;1;26;14;12;8;3;5
472725.598476308;5490725.48462528;529532;Červený Újezd;2126;Votice;318;159;159;55;25;30;199;106;93;64;28;36
495122.134903831;5517329.52800922;529541;Český Šternberk;2101;Benešov;158;79;79;28;11;17;95;54;41;35;14;21
522874.851192469;5514520.36974546;529559;Dobrovítov;2104;Čáslav;111;57;54;13;6;7;72;39;33;26;12;14
479566.234831446;5524537.76184363;529567;Čtyřkoly;2101;Benešov;664;316;348;131;63;68;440;212;228;93;41;52
463919.283909803;5593003.27623037;529575;Medonosy;2114;Mělník;150;76;74;26;12;14;104;58;46;20;6;14
462702.397684578;5588505.32305037;529583;Tupadly;2114;Mělník;144;79;65;29;16;13;91;54;37;24;9;15
484449.800925554;5572420.76023341;529591;Sedlec;2115;Mladá Boleslav;252;127;125;47;24;23;181;94;87;24;9;15
491472.66715161;5600947.99935853;529605;Rokytá;2116;Mnichovo Hradiště;261;138;123;47;24;23;170;91;79;44;23;21
492488.362489174;5589025.27186265;529613;Josefův Důl;2115;Mladá Boleslav;453;236;217;70;42;28;331;172;159;52;22;30
492172.39981306;5515314.52828124;529621;Divišov;2101;Benešov;1629;819;810;286;161;125;1051;533;518;292;125;167
498475.60926186;5557861.01818599;529630;Kostomlátky;2118;Nymburk;284;155;129;27;16;11;204;111;93;53;28;25
513080.100367765;5500097.16181234;529648;Dolní Kralovice;2125;Vlašim;886;444;442;121;69;52;584;297;287;181;78;103
478850.626304064;5525966.4529505;529656;Pětihosty;2122;Říčany;236;124;112;70;36;34;147;78;69;19;10;9
431449.565606726;5493973.44922;529664;Těchařovice;2120;Příbram;54;27;27;9;5;4;37;19;18;8;3;5
418973.658722181;5492222.78731869;529672;Bezděkov pod Třemšínem;2120;Příbram;153;83;70;22;12;10;101;56;45;30;15;15
421215.243272105;5485222.67287459;529681;Koupě;2120;Příbram;132;63;69;25;10;15;80;43;37;27;10;17
396252.321411097;5546901.53530299;529699;Velká Chmelištná;2121;Rakovník;66;32;34;10;7;3;39;20;19;17;5;12
469577.912100103;5495588.71980943;529702;Heřmaničky;2126;Votice;724;361;363;133;66;67;442;228;214;149;67;82
392401.001460464;5547555.64764387;529711;Drahouš;2121;Rakovník;87;47;40;9;4;5;61;33;28;17;10;7
450795.449416596;5422967.46950655;529729;Kvítkovice;3102;České Budějovice;115;53;62;18;8;10;79;38;41;18;7;11
506478.48200017;5506270.94420397;529737;Hulice;2125;Vlašim;299;149;150;40;16;24;202;107;95;57;26;31
483852.820121295;5524109.51075181;529745;Hvězdonice;2101;Benešov;314;159;155;45;24;21;202;104;98;67;31;36
503083.66773542;5456394.5218687;529753;Dívčí Kopy;3105;Jindřichův Hradec;75;38;37;11;6;5;54;27;27;10;5;5
506290.371767919;5456151.72703069;529761;Žďár;3105;Jindřichův Hradec;93;49;44;9;5;4;60;32;28;24;12;12
499860.423420791;5504616.690547;529770;Chlum;2125;Vlašim;130;71;59;14;6;8;84;49;35;32;16;16
499030.284401535;5499565.68142318;529788;Chmelná;2125;Vlašim;144;80;64;28;19;9;92;51;41;24;10;14
487180.220379489;5524396.38565835;529796;Chocerady;2101;Benešov;1230;605;625;214;101;113;787;409;378;229;95;134
486923.271549936;5509034.8468696;529818;Chotýšany;2101;Benešov;538;269;269;91;51;40;380;188;192;67;30;37
515086.54902953;5467476.60580187;529826;Čelistná;6110;Pelhřimov;99;51;48;19;11;8;62;31;31;18;9;9
515724.038188169;5466174.65161727;529834;Mezná;6110;Pelhřimov;149;79;70;31;20;11;96;49;47;22;10;12
481314.249194423;5500223.9761423;529842;Jankov;2126;Votice;939;419;520;132;59;73;633;295;338;174;65;109
501939.480208066;5503719.19625813;529851;Javorník;2125;Vlašim;118;64;54;8;4;4;84;44;40;26;16;10
501772.538478886;5477927.39915243;529869;Důl;6109;Pacov;57;31;26;5;3;2;41;25;16;11;3;8
453428.920939365;5473967.15733953;529877;Okrouhlá;3107;Milevsko;71;30;41;8;5;3;50;21;29;13;4;9
451001.530752439;5471166.86499769;529885;Stehlovice;3107;Milevsko;105;54;51;16;7;9;63;37;26;26;10;16
398568.309975435;5441922.17950921;529893;Nicov;3116;Vimperk;78;43;35;14;10;4;53;29;24;11;4;7
505760.875787723;5502735.877303;529907;Keblov;2125;Vlašim;180;93;87;18;12;6;125;70;55;37;11;26
405712.727881335;5444278.16053907;529915;Vrbice;3116;Vimperk;63;29;34;9;6;3;37;15;22;17;8;9
419474.008336672;5433656.4130449;529923;Žárovná;3116;Vimperk;120;62;58;20;10;10;82;43;39;18;9;9
491605.707814533;5502383.30420752;529931;Kondrac;2125;Vlašim;500;249;251;85;41;44;342;178;164;73;30;43
485043.239605608;5518967.20871796;529940;Kozmice;2101;Benešov;310;138;172;57;23;34;200;97;103;53;18;35
468215.335116338;5523785.59628535;529958;Krhanice;2101;Benešov;959;483;476;161;92;69;614;310;304;184;81;103
423223.708884126;5475269.64550442;529966;Buzice;3101;Blatná;167;86;81;28;14;14;114;62;52;25;10;15
461397.885926982;5521328.31322923;529974;Krňany;2101;Benešov;402;212;190;57;29;28;259;143;116;86;40;46
417334.401377379;5478092.3221625;529982;Chlum;3101;Blatná;196;114;82;30;22;8;134;78;56;32;14;18
462065.111696613;5508533.83398843;529991;Křečovice;2101;Benešov;781;380;401;144;69;75;508;260;248;129;51;78
507065.818656507;5497434.11170742;530000;Křivsoudov;2125;Vlašim;441;226;215;76;41;35;274;146;128;91;39;52
413277.999493988;5484059.131598;530018;Březí;3101;Blatná;74;42;32;13;7;6;40;24;16;21;11;10
500198.141266267;5500900.98194164;530026;Kuňovice;2125;Vlašim;91;47;44;24;12;12;52;29;23;15;6;9
436964.099835846;5441670.41437945;530034;Stožice;3117;Vodňany;328;168;160;59;31;28;223;116;107;46;21;25
487044.668814165;5458459.21052632;530042;Katov;3110;Soběslav;73;34;39;8;4;4;42;20;22;23;10;13
465439.564728665;5521171.21521181;530051;Lešany;2101;Benešov;726;355;371;130;64;66;474;244;230;122;47;75
493723.003548952;5511648.2204327;530069;Libež;2125;Vlašim;187;93;94;34;15;19;122;65;57;31;13;18
402452.008485496;5453063.37291573;530085;Bukovník;3214;Sušice;72;31;41;13;5;8;44;20;24;15;6;9
509591.993341849;5501956.46516166;530093;Loket;2125;Vlašim;561;283;278;85;44;41;381;200;181;95;39;56
489834.453930859;5498249.44428555;530107;Louňovice pod Blaníkem;2125;Vlašim;656;327;329;83;40;43;445;225;220;128;62;66
468862.819574227;5507798.55379023;530115;Maršovice;2101;Benešov;760;388;372;130;69;61;483;250;233;147;69;78
395012.59751579;5457738.62193002;530123;Dobršín;3214;Sušice;101;52;49;15;9;6;71;36;35;15;7;8
371410.555598077;5495030.97700528;530131;Přestavlky;3212;Stod;220;112;108;26;14;12;147;77;70;47;21;26
396880.327816132;5502100.68151637;530140;Milínov;3201;Blovice;196;96;100;29;16;13;128;64;64;39;16;23
474710.636164958;5486998.74347913;530158;Mezno;2126;Votice;361;179;182;67;35;32;224;112;112;70;32;38
477144.425829251;5490267.2750485;530166;Miličín;2126;Votice;842;411;431;120;55;65;545;285;260;177;71;106
498256.630305669;5500789.09945292;530174;Miřetice;2125;Vlašim;173;88;85;26;9;17;123;68;55;24;11;13
394519.50651872;5498223.23485696;530182;Žákava;3201;Blovice;462;239;223;87;49;38;310;158;152;65;32;33
502740.946238159;5501719.27661642;530191;Mnichovice;2125;Vlašim;203;104;99;21;13;8;135;74;61;47;17;30
477840.754431919;5519394.24535971;530204;Mrač;2101;Benešov;800;394;406;135;64;71;533;273;260;132;57;75
494025.251265662;5493044.27916412;530212;Načeradec;2125;Vlašim;1029;532;497;127;62;65;669;365;304;233;105;128
363106.109650369;5510676.2916327;530221;Hněvnice;3208;Nýřany;111;58;53;15;7;8;82;42;40;14;9;5
386933.440049119;5542302.76909703;530239;Bílov;3206;Kralovice;86;45;41;12;6;6;54;29;25;20;10;10
384827.37295121;5541234.31506984;530247;Potvorov;3206;Kralovice;132;67;65;13;3;10;91;49;42;28;15;13
474637.42228294;5522765.36528405;530263;Nespeky;2101;Benešov;682;332;350;127;62;65;435;215;220;120;55;65
387594.7954816;5539962.63862938;530271;Sedlec;3206;Kralovice;97;50;47;18;11;7;63;32;31;16;7;9
390631.16730853;5542835.63201444;530280;Vysoká Libyně;3206;Kralovice;237;122;115;36;18;18;161;89;72;40;15;25
465206.983371558;5517568.58497714;530298;Netvořice;2101;Benešov;1098;555;543;174;92;82;730;375;355;194;88;106
478790.477666162;5495212.74668985;530301;Neustupov;2126;Votice;520;278;242;90;44;46;334;188;146;96;46;50
465035.97148913;5512608.89548977;530310;Neveklov;2101;Benešov;2584;1315;1269;422;208;214;1752;932;820;410;175;235
364034.999222991;5519481.12196859;530328;Čerňovice;3208;Nýřany;183;90;93;28;13;15;127;64;63;28;13;15
380022.809718217;5534421.19029515;530336;Pláně;3206;Kralovice;262;134;128;38;21;17;166;86;80;58;27;31
473796.636588763;5502331.02942984;530344;Olbramovice;2126;Votice;1244;629;615;228;115;113;829;426;403;187;88;99
487919.1589395;5520384.63793252;530352;Ostředek;2101;Benešov;392;191;201;82;39;43;250;128;122;60;24;36
413033.661757064;5518380.57965859;530361;Kařízek;3211;Rokycany;49;25;24;9;6;3;30;14;16;10;5;5
407117.585783209;5523745.92009491;530379;Drahoňův Újezd;3211;Rokycany;139;72;67;21;11;10;85;46;39;33;15;18
471186.234931998;5623517.62846795;530387;Radvanec;5106;Nový Bor;192;93;99;32;10;22;135;72;63;25;11;14
456108.393258864;5629216.68717645;530395;Janská;4202;Děčín;187;103;84;24;13;11;132;73;59;31;17;14
482615.357498438;5517825.73582008;530409;Petroupim;2101;Benešov;309;145;164;50;20;30;216;108;108;43;17;26
459883.860398731;5638929.63753841;530417;Doubice;4212;Rumburk;102;53;49;10;5;5;68;36;32;24;12;12
513486.951555429;5614909.24394408;530425;Dalešice;5103;Jablonec nad Nisou;183;95;88;33;16;17;125;67;58;25;12;13
501553.635016263;5641059.98946351;530433;Kunratice;5102;Frýdlant;378;210;168;60;34;26;252;140;112;66;36;30
475822.054146189;5520957.58419914;530441;Poříčí nad Sázavou;2101;Benešov;1263;615;648;246;132;114;814;401;413;203;82;121
482950.426750995;5507996.88074317;530450;Postupice;2101;Benešov;1282;665;617;219;124;95;839;437;402;224;104;120
505109.926042674;5617421.20352066;530468;Dlouhý Most;5105;Liberec;860;434;426;166;93;73;575;285;290;119;56;63
495086.429813323;5498100.19290399;530476;Pravonín;2125;Vlašim;561;281;280;91;44;47;367;199;168;103;38;65
506415.686287083;5616496.12223259;530484;Jeřmanice;5105;Liberec;490;255;235;86;47;39;356;186;170;48;22;26
481600.191601665;5522618.67303603;530492;Přestavlky u Čerčan;2101;Benešov;356;167;189;62;25;37;235;118;117;59;24;35
436408.972397629;5600878.25122404;530506;Miřejovice;4205;Litoměřice;205;114;91;21;14;7;151;85;66;33;15;18
497219.768918124;5511433.60742099;530514;Psáře;2125;Vlašim;124;66;58;14;9;5;81;44;37;29;13;16
460245.64432522;5516483.41792781;530522;Rabyně;2101;Benešov;272;131;141;28;14;14;172;82;90;72;35;37
490521.634792704;5510248.86869236;530531;Radošovice;2125;Vlašim;345;174;171;50;17;33;237;127;110;58;30;28
497923.569867405;5505962.44084915;530549;Rataje;2125;Vlašim;172;89;83;24;13;11;120;62;58;28;14;14
413830.323346789;5590340.60127913;530557;Kozly;4207;Louny;134;71;63;16;8;8;94;50;44;24;13;11
420150.332166897;5590432.75551814;530565;Želkovice;4207;Louny;88;43;45;11;4;7;65;33;32;12;6;6
465883.67559801;5491059.50945548;530573;Sedlec-Prčice;2123;Sedlčany;2820;1419;1401;404;206;198;1830;961;869;586;252;334
391781.499380305;5573547.51564997;530581;Čeradice;4216;Žatec;296;152;144;58;31;27;196;105;91;42;16;26
393280.122373318;5576781.25071985;530590;Libočany;4216;Žatec;525;272;253;76;36;40;364;196;168;85;40;45
401460.827911121;5575660.43601792;530603;Zálužice;4216;Žatec;84;42;42;16;9;7;53;27;26;15;6;9
473541.123348115;5494580.45365394;530611;Smilkov;2126;Votice;268;136;132;33;21;12;172;90;82;63;25;38
423190.382842116;5615850.09727831;530620;Přestanov;4214;Ústí nad Labem;403;216;187;74;45;29;273;144;129;56;27;29
480351.270887619;5519219.03913444;530638;Soběhrdy;2101;Benešov;394;206;188;70;36;34;266;148;118;58;22;36
536927.988931724;5493582.24002778;530646;Hurtova Lhota;6102;Havlíčkův Brod;231;123;108;34;22;12;160;85;75;37;16;21
544936.032450762;5489804.99912868;530654;Vysoká;6102;Havlíčkův Brod;219;111;108;41;21;20;153;79;74;25;11;14
546487.976123332;5497837.06018461;530662;Ždírec;6102;Havlíčkův Brod;138;65;73;23;8;15;97;48;49;18;9;9
544335.77915462;5571556.90271502;530671;Pšánky;5205;Hradec Králové;59;26;33;8;3;5;34;16;18;17;7;10
483302.400871794;5512619.07335687;530689;Struhařov;2101;Benešov;841;443;398;159;97;62;553;282;271;129;64;65
548679.951250773;5529542.4449751;530697;Úherčice;5304;Chrudim;125;64;61;20;10;10;70;39;31;35;15;20
471386.42964272;5486611.51785549;530701;Střezimíř;2126;Votice;303;156;147;36;21;15;205;106;99;62;29;33
509131.532276596;5495381.46721797;530719;Studený;2125;Vlašim;96;52;44;14;9;5;65;36;29;17;7;10
641916.951721181;5528314.61955637;530727;Brníčko;7113;Zábřeh;636;331;305;103;54;49;419;227;192;114;50;64
514955.889370541;5581717.50689762;530735;Staré Hrady;5207;Jičín;190;95;95;37;19;18;118;60;58;35;16;19
489258.904492488;5512175.79942679;530743;Bílkovice;2125;Vlašim;209;102;107;31;17;14;135;67;68;43;18;25
496703.433782108;5509430.40696663;530751;Tehov;2125;Vlašim;341;161;180;64;37;27;229;103;126;48;21;27
485624.049742021;5516101.25419163;530760;Teplýšovice;2101;Benešov;501;270;231;105;64;41;341;182;159;55;24;31
499281.155007183;5513319.00118174;530778;Tichonice;2125;Vlašim;207;109;98;25;13;12;142;79;63;40;17;23
572503.954846326;5581473.86219696;530786;Říkov;5209;Náchod;204;88;116;41;18;23;127;56;71;36;14;22
532512.57561419;5542818.76259903;530794;Trnávka;5311;Přelouč;217;106;111;37;17;20;134;69;65;46;20;26
568820.044667371;5614040.49559975;530808;Královec;5214;Trutnov;193;110;83;25;13;12;135;82;53;33;15;18
501654.747719654;5507550.27062044;530816;Trhový Štěpánov;2125;Vlašim;1366;683;683;205;113;92;895;468;427;266;102;164
626046.506851575;5482672.5989207;530824;Velenov;6202;Boskovice;240;118;122;39;18;21;165;84;81;36;16;20
533429.565115391;5536339.63294641;530832;Brambory;2104;Čáslav;106;51;55;10;2;8;70;38;32;26;11;15
470999.360529981;5520554.23298322;530841;Týnec nad Sázavou;2101;Benešov;5684;2830;2854;923;487;436;3595;1856;1739;1166;487;679
536831.499527626;5533957.61581421;530859;Semtěš;2104;Čáslav;279;141;138;43;20;23;173;93;80;63;28;35
486797.434573019;5502026.47971625;530867;Veliš;2125;Vlašim;344;179;165;57;24;33;227;125;102;60;30;30
536367.467314531;5531779.676647;530875;Starkoč;2104;Čáslav;122;61;61;9;6;3;85;45;40;28;10;18
491979.979682641;5505627.33135134;530883;Vlašim;2125;Vlašim;11704;5717;5987;1651;807;844;7664;3919;3745;2389;991;1398
466347.29693952;5500110.51660945;530891;Vojkov;2126;Votice;514;248;266;77;42;35;315;166;149;122;40;82
473504.845310308;5498469.73827703;530905;Votice;2126;Votice;4574;2236;2338;753;385;368;2869;1455;1414;952;396;556
495257.134805701;5500778.52538511;530913;Vracovice;2125;Vlašim;374;201;173;58;30;28;257;143;114;59;28;31
483556.695137376;5522034.04958672;530921;Vranov;2101;Benešov;389;197;192;65;32;33;249;128;121;75;37;38
515467.956957152;5519251.33967331;530930;Štipoklasy;2112;Kutná Hora;148;72;76;22;10;12;96;51;45;30;11;19
469184.752779734;5503167.64755051;530948;Vrchotovy Janovice;2126;Votice;984;484;500;167;77;90;672;343;329;145;64;81
517434.158458347;5522113.42567046;530956;Opatovice I;2112;Kutná Hora;126;68;58;18;15;3;84;41;43;24;12;12
518201.2144349;5517095.9165163;530964;Bludov;2112;Kutná Hora;29;19;10;4;4;0;19;12;7;6;3;3
519329.258670743;5513983.40678439;530972;Třebětín;2112;Kutná Hora;103;51;52;11;5;6;66;38;28;26;8;18
524684.197023529;5530725.17242958;530981;Třebešice;2104;Čáslav;252;130;122;51;24;27;162;87;75;39;19;20
525116.00483786;5528328.77936475;530999;Močovice;2104;Čáslav;382;188;194;58;30;28;258;129;129;66;29;37
626141.316417182;5479372.20241988;531006;Ludíkov;6202;Boskovice;315;160;155;50;25;25;219;113;106;46;22;24
523908.019007446;5526787.16124055;531014;Vodranty;2104;Čáslav;77;40;37;5;3;2;47;24;23;25;13;12
498527.595610116;5503073.05049638;531022;Zdislavice;2125;Vlašim;539;272;267;73;35;38;370;196;174;96;41;55
488443.183556512;5494152.66648971;531031;Kamberk;2125;Vlašim;136;71;65;10;6;4;86;45;41;40;20;20
485775.965515255;5497449.67692099;531049;Zvěstov;2126;Votice;355;177;178;49;26;23;209;114;95;97;37;60
433669.763726298;5535613.83230004;531057;Beroun;2102;Beroun;19207;9195;10012;3297;1685;1612;12419;6120;6299;3491;1390;2101
522757.449346047;5525619.52095817;531065;Souňov;2104;Čáslav;133;61;72;19;9;10;96;46;50;18;6;12
429520.603590262;5516988.94815789;531073;Běštín;2108;Hořovice;310;156;154;42;18;24;199;108;91;69;30;39
418029.42902959;5532924.90885763;531081;Broumy;2102;Beroun;943;462;481;166;85;81;624;319;305;153;58;95
419479.738894727;5529173.48460985;531090;Březová;2108;Hořovice;311;138;173;56;32;24;197;84;113;58;22;36
439943.718875821;5535554.64967512;531103;Bubovice;2102;Beroun;490;238;252;115;58;57;338;171;167;37;9;28
528820.239261623;5540401.68046316;531111;Bernardov;2112;Kutná Hora;197;97;100;24;12;12;133;66;67;40;19;21
417270.992459824;5528734.11712117;531120;Bzová;2108;Hořovice;463;235;228;72;38;34;299;153;146;92;44;48
415471.467526125;5522451.09705444;531138;Cerhovice;2108;Hořovice;1156;575;581;177;85;92;759;393;366;220;97;123
441802.261923048;5542017.38165459;531146;Drahelčice;2105;Černošice;875;436;439;191;103;88;582;295;287;102;38;64
416870.518584833;5525404.87661028;531154;Drozdov;2108;Hořovice;754;362;392;131;68;63;479;237;242;144;57;87
424348.708938772;5518653.49060803;531162;Felbabka;2108;Hořovice;283;147;136;55;31;24;170;86;84;58;30;28
443048.1865782;5530758.21755852;531171;Hlásná Třebaň;2102;Beroun;981;467;514;216;101;115;637;305;332;128;61;67
421160.0819685;5520862.34557948;531189;Hořovice;2108;Hořovice;6820;3319;3501;1040;552;488;4507;2246;2261;1273;521;752
521030.90065807;5537482.39820511;531197;Hlízov;2112;Kutná Hora;575;286;289;106;57;49;402;206;196;67;23;44
431078.100733817;5519002.99253357;531201;Hostomice;2108;Hořovice;1755;893;862;294;134;160;1140;625;515;321;134;187
422368.470698885;5529326.19958007;531219;Hředle;2108;Hořovice;389;200;189;65;34;31;256;135;121;68;31;37
425103.942842601;5534769.42610831;531227;Hudlice;2102;Beroun;1235;603;632;201;95;106;789;406;383;245;102;143
419299.45535033;5517756.42852858;531235;Hvozdec;2108;Hořovice;259;134;125;39;21;18;154;81;73;66;32;34
431838.587660926;5538915.49912924;531243;Hýskov;2102;Beroun;1755;855;900;331;168;163;1146;568;578;278;119;159
419863.755887438;5513794.92620664;531251;Chaloupky;2108;Hořovice;506;261;245;73;38;35;329;174;155;104;49;55
509986.229353191;5510446.68226062;531260;Dolní Pohleď;2112;Kutná Hora;85;49;36;10;7;3;52;29;23;23;13;10
522033.934250748;5521171.0873575;531278;Paběnice;2112;Kutná Hora;183;94;89;29;16;13;119;64;55;35;14;21
531098.714910967;5521944.23754467;531286;Bratčice;2104;Čáslav;390;188;202;41;17;24;267;140;127;82;31;51
434118.87978002;5542373.90458473;531294;Chyňava;2102;Beroun;1787;882;905;275;128;147;1184;620;564;328;134;194
416303.93175152;5516339.01120606;531308;Jivina;2108;Hořovice;191;103;88;28;14;14;124;71;53;39;18;21
440916.463784901;5532296.26407731;531316;Karlštejn;2102;Beroun;807;399;408;112;60;52;514;256;258;181;83;98
417354.685362686;5516919.0135801;531324;Komárov;2108;Hořovice;2401;1195;1206;324;167;157;1630;827;803;447;201;246
433101.389038396;5530561.85352316;531332;Koněprusy;2102;Beroun;240;123;117;46;25;21;155;81;74;39;17;22
529793.491748771;5526436.74054207;531341;Drobovice;2104;Čáslav;379;194;185;43;22;21;262;143;119;74;29;45
531807.022327843;5525015.39743941;531359;Horky;2104;Čáslav;387;183;204;57;27;30;264;136;128;66;20;46
528700.174922019;5522304.90083029;531367;Adamov;2104;Čáslav;113;56;57;13;6;7;72;37;35;28;13;15
419406.905636182;5533008.27689941;531375;Kublov;2102;Beroun;660;313;347;108;49;59;438;216;222;114;48;66
527205.01327677;5523127.62458421;531383;Schořov;2104;Čáslav;79;42;37;7;2;5;54;32;22;18;8;10
507329.792183754;5521753.49179852;531391;Sudějov;2112;Kutná Hora;85;38;47;18;8;10;51;24;27;16;6;10
526986.782919389;5539823.24428477;531405;Kobylnice;2112;Kutná Hora;193;93;100;37;19;18;129;65;64;27;9;18
524120.495552801;5522477.63031675;531413;Hraběšín;2104;Čáslav;109;57;52;11;7;4;60;35;25;38;15;23
526880.459582829;5519728.80819547;531421;Šebestěnice;2104;Čáslav;93;37;56;8;3;5;61;25;36;24;9;15
530976.632746981;5536620.04811052;531430;Horka I;2104;Čáslav;397;197;200;57;28;29;258;135;123;82;34;48
428557.468929519;5525128.32691278;531448;Libomyšl;2108;Hořovice;548;281;267;85;45;40;364;191;173;99;45;54
439253.19013657;5528199.74862885;531456;Liteň;2102;Beroun;1123;562;561;205;115;90;740;371;369;178;76;102
440114.596454895;5537937.34348196;531464;Loděnice;2102;Beroun;1823;911;912;305;160;145;1250;646;604;268;105;163
426147.133873686;5522468.11463771;531472;Lochovice;2108;Hořovice;1154;593;561;196;106;90;766;405;361;192;82;110
531448.214514246;5538486.85348112;531481;Horušice;2104;Čáslav;187;96;91;14;6;8;128;73;55;45;17;28
471105.763824243;5577109.6456503;531499;Hostín;2114;Mělník;296;158;138;51;32;19;214;112;102;31;14;17
470410.136498963;5574456.10350265;531502;Liblice;2114;Mělník;492;242;250;92;44;48;316;162;154;84;36;48
454338.024352154;5564066.53043589;531511;Zlončice;2111;Kralupy nad Vltavou;546;280;266;138;72;66;365;191;174;43;17;26
435785.67669275;5529415.2638498;531529;Měňany;2102;Beroun;304;146;158;55;27;28;199;101;98;50;18;32
443486.514838373;5539244.81536434;531537;Mezouň;2102;Beroun;574;275;299;100;41;59;371;185;186;103;49;54
443818.903292117;5534322.31894294;531545;Mořina;2102;Beroun;814;404;410;165;81;84;537;272;265;112;51;61
475442.441268071;5569405.10643097;531553;Konětopy;2103;Brandýs nad Labem-Stará Boleslav;303;164;139;53;35;18;197;105;92;53;24;29
466232.910105569;5571611.4998132;531561;Tuhaň;2114;Mělník;685;347;338;129;63;66;470;248;222;86;36;50
468905.462707671;5591881.57900201;531570;Dobřeň;2114;Mělník;171;100;71;23;19;4;105;61;44;43;20;23
430735.091384993;5523511.92926313;531588;Neumětely;2108;Hořovice;564;290;274;117;66;51;358;185;173;89;39;50
428094.760450951;5539396.74549633;531596;Nižbor;2102;Beroun;2017;1027;990;368;203;165;1291;658;633;358;166;192
424250.668724242;5537461.14447538;531600;Nový Jáchymov;2102;Beroun;654;309;345;105;52;53;427;210;217;122;47;75
443799.318585881;5540673.24632691;531618;Nučice;2105;Černošice;2142;1061;1081;493;248;245;1444;737;707;205;76;129
414291.83259341;5515028.14296144;531626;Olešná;2108;Hořovice;409;206;203;57;32;25;263;135;128;89;39;50
418239.463866144;5519608.59304089;531634;Osek;2108;Hořovice;771;378;393;105;59;46;503;246;257;163;73;90
434596.379044687;5521670.96708444;531642;Osov;2108;Hořovice;338;167;171;39;20;19;242;126;116;57;21;36
471407.384440376;5585158.68535731;531651;Kanina;2114;Mělník;86;47;39;17;12;5;55;28;27;14;7;7
426681.636809662;5536999.83340019;531669;Otročiněves;2102;Beroun;525;259;266;88;51;37;336;164;172;101;44;57
476355.26732623;5589716.78582182;531677;Lobeč;2114;Mělník;132;67;65;26;8;18;87;54;33;19;5;14
421571.730449313;5516376.6121042;531685;Podluhy;2108;Hořovice;653;330;323;105;62;43;408;203;205;140;65;75
423522.903583419;5524415.83049298;531693;Praskolesy;2108;Hořovice;892;463;429;150;81;69;585;318;267;157;64;93
476194.106310961;5591302.4236608;531707;Nosálov;2114;Mělník;184;93;91;26;14;12;115;60;55;43;19;24
424051.996823846;5519989.31040987;531715;Rpety;2108;Hořovice;494;253;241;72;41;31;339;178;161;83;34;49
444240.860772437;5542817.76869488;531723;Rudná;2105;Černošice;4985;2480;2505;1059;568;491;3197;1580;1617;729;332;397
476551.442305865;5585648.26835483;531731;Stránka;2114;Mělník;194;104;90;20;18;2;122;63;59;52;23;29
439696.984151205;5525130.14861946;531740;Skuhrov;2102;Beroun;498;258;240;107;57;50;321;167;154;70;34;36
438619.920898758;5532825.25156386;531758;Srbsko;2102;Beroun;540;266;274;90;45;45;364;184;180;86;37;49
425492.027333371;5526132.49666207;531766;Stašov;2102;Beroun;459;232;227;82;31;51;303;165;138;74;36;38
478422.806334462;5583416.46737129;531774;Kadlín;2114;Mělník;151;73;78;27;15;12;101;49;52;23;9;14
432226.410094254;5527617.56795701;531782;Suchomasty;2102;Beroun;476;269;207;69;40;29;323;192;131;84;37;47
424451.600259264;5532006.67898767;531791;Svatá;2102;Beroun;476;252;224;75;42;33;313;169;144;88;41;47
437981.736352402;5535915.15422258;531804;Svatý Jan pod Skalou;2102;Beroun;169;88;81;31;16;15;117;61;56;21;11;10
441767.613043349;5527026.10089829;531812;Svinaře;2102;Beroun;704;353;351;152;77;75;454;228;226;98;48;50
445495.671792304;5539260.20386265;531821;Tachlovice;2105;Černošice;912;439;473;189;100;89;624;294;330;99;45;54
435529.901552486;5532453.34976605;531839;Tetín;2102;Beroun;870;434;436;142;66;76;588;309;279;140;59;81
419848.882097387;5522639.79703334;531847;Tlustice;2108;Hořovice;967;488;479;137;68;69;652;340;312;178;80;98
430267.333137072;5528999.07288695;531855;Tmaň;2102;Beroun;1140;559;581;212;108;104;732;375;357;196;76;120
472270.842238579;5568023.67478936;531863;Nedomice;2117;Neratovice;306;148;158;50;27;23;212;104;108;44;17;27
452894.721848369;5577212.58844112;531871;Jeviněves;2114;Mělník;211;112;99;37;24;13;130;66;64;44;22;22
427911.429347036;5533859.29122638;531880;Trubská;2102;Beroun;183;90;93;23;12;11;127;66;61;33;12;21
467683.198289018;5579785.17270882;531898;Lhotka;2114;Mělník;292;141;151;47;25;22;178;89;89;67;27;40
415431.687216866;5519627.7590222;531901;Újezd;2108;Hořovice;623;298;325;105;47;58;396;207;189;122;44;78
434745.091848123;5519858.53339197;531910;Velký Chlumec;2108;Hořovice;386;192;194;57;30;27;256;132;124;73;30;43
457334.302935439;5571781.05467922;531928;Hostín u Vojkovic;2111;Kralupy nad Vltavou;312;159;153;36;18;18;210;113;97;66;28;38
465465.254832341;5590665.25718929;531936;Vidim;2114;Mělník;138;72;66;19;8;11;85;50;35;34;14;20
437374.59490082;5537625.78445169;531944;Vráž;2102;Beroun;1116;552;564;183;96;87;730;367;363;203;89;114
435413.17499763;5524847.88533245;531952;Všeradice;2102;Beroun;457;235;222;76;36;40;309;165;144;72;34;38
443010.032703656;5536664.32171816;531961;Vysoký Újezd;2102;Beroun;738;360;378;128;63;65;510;257;253;100;40;60
443031.717518946;5528982.98906687;531979;Zadní Třebaň;2102;Beroun;809;410;399;152;94;58;507;255;252;150;61;89
464803.624010911;5586821.86633856;531987;Dolní Zimoř;2114;Mělník;77;35;42;13;7;6;48;21;27;16;7;9
416745.431903387;5511333.32005051;531995;Zaječov;2108;Hořovice;1421;693;728;201;102;99;941;485;456;279;106;173
418107.560969688;5522168.52005254;532002;Záluží;2108;Hořovice;516;265;251;74;38;36;356;188;168;86;39;47
426032.61264442;5529934.35674284;532011;Zdice;2102;Beroun;4126;1990;2136;601;311;290;2683;1323;1360;842;356;486
420345.886201073;5524800.18536906;532029;Žebrák;2108;Hořovice;2145;1058;1087;317;165;152;1427;702;725;401;191;210
468907.379938313;5515306.36750843;532037;Chrášťany;2101;Benešov;241;116;125;42;22;20;154;73;81;45;21;24
474973.024826535;5516048.48118976;532045;Chlístov;2101;Benešov;342;173;169;64;34;30;232;118;114;46;21;25
436489.512177851;5555533.25872079;532053;Kladno;2109;Kladno;68466;32979;35487;10592;5432;5160;45032;22356;22676;12842;5191;7651
472535.893680282;5515030.52305263;532061;Václavice;2101;Benešov;548;281;267;88;46;42;374;197;177;86;38;48
443361.595318261;5553336.19268275;532070;Běloky;2109;Kladno;165;90;75;30;14;16;100;58;42;35;18;17
436950.340832966;5568795.16976767;532088;Beřovice;2124;Slaný;346;177;169;65;37;28;235;119;116;46;21;25
501161.647036986;5499550.84666834;532096;Borovnice;2125;Vlašim;80;39;41;6;1;5;47;24;23;27;14;13
445581.159072011;5562361.97289909;532100;Blevice;2109;Kladno;287;133;154;36;19;17;187;87;100;64;27;37
439719.380117242;5560004.1787898;532118;Brandýsek;2109;Kladno;1842;911;931;313;157;156;1237;628;609;292;126;166
434811.800711935;5549901.75536305;532126;Braškov;2109;Kladno;1034;509;525;161;87;74;668;335;333;205;87;118
471444.606823142;5492303.86113511;532134;Ješetice;2126;Votice;120;54;66;18;7;11;73;40;33;29;7;22
430387.200559984;5546639.1669811;532142;Bratronice;2109;Kladno;905;457;448;132;71;61;610;317;293;163;69;94
492792.567945562;5518493.37245192;532151;Drahňovice;2101;Benešov;92;50;42;23;16;7;56;31;25;13;3;10
441815.978842022;5556156.02710095;532169;Buštěhrad;2109;Kladno;3302;1588;1714;697;364;333;2127;1018;1109;478;206;272
430844.061202425;5565253.89792893;532177;Tuřany;2124;Slaný;571;278;293;91;50;41;389;190;199;91;38;53
439423.564063297;5558681.89190863;532185;Cvrčovice;2109;Kladno;725;375;350;128;66;62;469;255;214;128;54;74
480520.126108413;5523978.9101319;532193;Lštění;2101;Benešov;406;210;196;69;36;33;248;136;112;89;38;51
443556.585492565;5572817.02385083;532207;Černuc;2124;Slaný;980;483;497;162;87;75;656;321;335;162;75;87
440705.725111942;5547214.06140838;532215;Červený Újezd;2105;Černošice;1140;564;576;241;129;112;747;360;387;152;75;77
431883.709859258;5552340.87324772;532223;Doksy;2109;Kladno;1600;767;833;316;170;146;1016;483;533;268;114;154
491718.834779952;5512025.2764341;532231;Slověnice;2125;Vlašim;42;25;17;8;6;2;20;10;10;14;9;5
489370.236347083;5514179.89953933;532258;Litichovice;2101;Benešov;60;27;33;8;6;2;35;13;22;17;8;9
494168.751219474;5514145.55645364;532266;Všechlapy;2125;Vlašim;111;53;58;19;11;8;69;34;35;23;8;15
431378.151602828;5550250.26362946;532274;Družec;2109;Kladno;1047;530;517;177;92;85;662;335;327;208;103;105
443336.121090967;5559356.0199037;532282;Dřetovice;2109;Kladno;483;242;241;89;48;41;320;164;156;74;30;44
433677.660777121;5569420.10751201;532291;Dřínov;2124;Slaný;323;172;151;62;33;29;211;117;94;50;22;28
487694.0725651;5513923.7354988;532304;Třebešice;2101;Benešov;85;41;44;8;5;3;62;32;30;15;4;11
433332.167501232;5547338.61507224;532312;Horní Bezděkov;2109;Kladno;619;286;333;108;41;67;399;196;203;112;49;63
425543.765648232;5568819.77234584;532321;Hořešovice;2124;Slaný;250;131;119;27;13;14;183;100;83;40;18;22
441506.441061955;5574411.75518295;532339;Hospozín;2124;Slaný;528;264;264;92;46;46;367;191;176;69;27;42
441817.137351812;5551357.43483443;532347;Hostouň;2109;Kladno;1099;551;548;189;93;96;728;377;351;182;81;101
427253.169698483;5559457.78333043;532355;Hradečno;2109;Kladno;491;235;256;71;33;38;322;161;161;98;41;57
433878.086547659;5561193.48496361;532363;Hrdlív;2124;Slaný;505;260;245;85;50;35;338;168;170;82;42;40
439943.380562544;5553860.99665795;532371;Hřebeč;2109;Kladno;2064;1044;1020;428;218;210;1378;705;673;258;121;137
514036.215481964;5496527.73808322;532380;Blažejovice;2125;Vlašim;113;56;57;14;8;6;73;40;33;26;8;18
446968.84981128;5573042.49236352;532398;Chržín;2124;Slaný;253;126;127;48;22;26;180;94;86;25;10;15
434635.673271957;5574569.58911682;532401;Jarpice;2124;Slaný;281;141;140;53;27;26;182;91;91;46;23;23
425567.70485031;5564303.56679405;532410;Jedomělice;2124;Slaný;407;218;189;73;38;35;272;146;126;62;34;28
436976.311539308;5562354.65164616;532428;Jemníky;2124;Slaný;283;142;141;54;30;24;186;93;93;43;19;24
516250.195771229;5497346.3967861;532436;Snět;2125;Vlašim;102;59;43;11;6;5;68;41;27;23;12;11
428286.694087589;5557310.41240254;532444;Kačice;2109;Kladno;1278;640;638;197;106;91;847;433;414;234;101;133
430215.497509606;5553057.67632158;532452;Kamenné Žehrovice;2109;Kladno;1732;860;872;231;117;114;1171;590;581;330;153;177
428516.502769618;5571464.87097;532461;Klobuky;2124;Slaný;1063;524;539;188;91;97;692;353;339;183;80;103
439744.620031398;5573938.4664018;532479;Kmetiněves;2124;Slaný;283;135;148;46;21;25;205;99;106;32;15;17
438467.966863501;5562681.68414047;532487;Knovíz;2124;Slaný;569;290;279;87;47;40;386;205;181;96;38;58
444363.116551597;5560849.62357733;532495;Koleč;2109;Kladno;594;297;297;92;43;49;395;209;186;107;45;62
516455.36951001;5499660.11910469;532509;Šetějovice;2125;Vlašim;59;32;27;8;3;5;33;22;11;18;7;11
428847.245289931;5567683.09743258;532517;Kvílice;2124;Slaný;81;39;42;13;7;6;50;25;25;18;7;11
435454.882106882;5548786.79041358;532525;Kyšice;2109;Kladno;627;322;305;94;46;48;429;231;198;104;45;59
429265.136831008;5561247.59077018;532533;Ledce;2124;Slaný;474;252;222;58;23;35;324;184;140;92;45;47
511372.371936541;5498566.83288423;532541;Tomice;2125;Vlašim;138;64;74;25;5;20;82;42;40;31;17;14
482822.243211433;5499962.84273841;532550;Ratměřice;2126;Votice;287;148;139;36;17;19;191;105;86;60;26;34
508778.665783215;5503640.18511656;532568;Bernartice;2125;Vlašim;221;111;110;26;15;11;140;67;73;55;29;26
432246.377503902;5557273.3772407;532576;Libušín;2109;Kladno;3098;1573;1525;538;268;270;2105;1094;1011;455;211;244
441678.46360213;5554022.2998771;532584;Lidice;2109;Kladno;538;248;290;89;39;50;309;146;163;140;63;77
471662.492581495;5511465.71641982;532592;Tisem;2101;Benešov;222;104;118;29;11;18;153;74;79;40;19;21
490487.195279867;5520920.65620597;532606;Choratice;2101;Benešov;74;39;35;12;7;5;49;28;21;13;4;9
488920.886020884;5522206.07145639;532614;Vodslivy;2101;Benešov;100;51;49;14;7;7;68;34;34;18;10;8
444159.352097398;5555156.7770903;532622;Makotřasy;2109;Kladno;417;216;201;80;50;30;272;133;139;65;33;32
433363.946417381;5545525.80829508;532631;Malé Kyšice;2109;Kladno;446;210;236;79;43;36;293;136;157;74;31;43
482104.714630615;5504942.31337971;532649;Popovice;2101;Benešov;278;133;145;36;17;19;185;91;94;57;25;32
426755.900358332;5562843.42672191;532657;Malíkovice;2124;Slaný;371;187;184;39;18;21;257;134;123;75;35;40
444522.982915519;5566417.98824152;532665;Neuměřice;2124;Slaný;426;222;204;76;40;36;284;159;125;66;23;43
446118.444854052;5565883.56954808;532673;Olovnice;2111;Kralupy nad Vltavou;524;253;271;79;46;33;349;172;177;96;35;61
447875.764223587;5562617.34522839;532681;Otvovice;2109;Kladno;803;384;419;124;51;73;508;266;242;171;67;104
492927.112850086;5509053.1170352;532690;Ctiboř;2125;Vlašim;128;65;63;22;9;13;83;46;37;23;10;13
440243.780102311;5549693.11011444;532711;Pavlov;2109;Kladno;170;91;79;22;11;11;127;72;55;21;8;13
437290.968983358;5560243.27657746;532720;Pchery;2109;Kladno;1951;970;981;306;157;149;1286;661;625;359;152;207
436249.849851926;5551253.0976338;532738;Pletený Újezd;2109;Kladno;544;271;273;91;50;41;365;183;182;88;38;50
510902.569299705;5496383.47486888;532746;Děkanovice;2125;Vlašim;66;34;32;11;5;6;39;24;15;16;5;11
440366.219797632;5563659.81915757;532754;Podlešín;2124;Slaný;316;167;149;50;22;28;212;118;94;54;27;27
423951.635943708;5565657.53091813;532762;Pozdeň;2124;Slaný;457;253;204;70;34;36;323;186;137;64;33;31
431675.371336455;5562192.28460181;532771;Přelíc;2124;Slaný;387;193;194;69;30;39;249;132;117;69;31;38
439503.952100126;5544630.48480544;532789;Ptice;2105;Černošice;782;381;401;166;92;74;512;238;274;104;51;53
429402.117845228;5563247.06784523;532797;Řisuty;2124;Slaný;343;170;173;40;23;17;250;121;129;53;26;27
449086.93243394;5573138.91006411;532801;Sazená;2124;Slaný;336;172;164;62;36;26;234;122;112;40;14;26
434789.536155712;5565254.73324068;532819;Slaný;2124;Slaný;15515;7472;8043;2585;1309;1276;10018;4984;5034;2912;1179;1733
444370.199765507;5563515.27484207;532827;Slatina;2109;Kladno;589;294;295;113;59;54;410;204;206;66;31;35
430877.752813686;5559669.2867842;532835;Smečno;2124;Slaný;1965;942;1023;327;183;144;1252;613;639;386;146;240
511385.434637525;5494508.2113347;532843;Dunice;2125;Vlašim;64;32;32;9;8;1;37;18;19;18;6;12
441688.904753631;5558308.22703648;532851;Stehelčeves;2109;Kladno;841;435;406;189;103;86;542;274;268;110;58;52
425376.56641427;5556859.47544842;532860;Stochov;2109;Kladno;5534;2672;2862;875;434;441;3686;1869;1817;973;369;604
468061.623936589;5519435.99298851;532878;Chleby;2101;Benešov;56;30;26;8;5;3;33;16;17;15;9;6
469261.652869087;5518454.04432475;532886;Chářovice;2101;Benešov;205;99;106;48;23;25;132;65;67;25;11;14
631707.16021883;5538284.18794539;532894;Bušín;7111;Šumperk;395;206;189;54;28;26;261;144;117;80;34;46
432141.827748817;5558824.60363165;532908;Svinařov;2109;Kladno;699;352;347;118;62;56;474;248;226;107;42;65
436700.24406248;5574453.35338341;532916;Šlapanice;2124;Slaný;192;90;102;32;17;15;121;55;66;39;18;21
472942.031343704;5519224.27165494;532924;Bukovany;2101;Benešov;762;378;384;132;63;69;515;261;254;115;54;61
488979.536336433;5503709.6158676;532932;Hradiště;2125;Vlašim;27;16;11;3;2;1;16;10;6;8;4;4
495985.194681982;5505037.93682444;532941;Řimovice;2125;Vlašim;216;123;93;28;17;11;161;92;69;27;14;13
434549.042608168;5560428.32983061;532959;Třebichovice;2109;Kladno;578;312;266;78;47;31;401;223;178;99;42;57
428182.470111721;5569120.9435389;532967;Třebíz;2124;Slaný;231;118;113;38;15;23;154;84;70;39;19;20
441873.354783198;5561200.64835216;532975;Třebusice;2109;Kladno;507;258;249;74;39;35;361;189;172;72;30;42
428658.108036939;5554887.58544746;532983;Tuchlovice;2109;Kladno;2482;1228;1254;448;240;208;1564;783;781;470;205;265
441428.622181008;5543692.77677704;532991;Úhonice;2105;Černošice;1081;512;569;178;91;87;716;342;374;187;79;108
448194.646324605;5570172.44043138;533009;Uhy;2124;Slaný;369;192;177;71;45;26;246;126;120;52;21;31
437470.500859933;5547738.0555576;533017;Unhošť;2109;Kladno;4525;2212;2313;820;428;392;2837;1406;1431;868;378;490
434070.679090984;5551829.12476767;533025;Velká Dobrá;2109;Kladno;1726;880;846;297;154;143;1176;601;575;253;125;128
437891.302253904;5552164.04559459;533033;Velké Přítočno;2109;Kladno;981;504;477;168;82;86;641;335;306;172;87;85
444736.671666604;5569177.28914707;533041;Velvary;2124;Slaný;3084;1498;1586;471;237;234;1963;975;988;650;286;364
434930.701406321;5558750.94142761;533050;Vinařice;2109;Kladno;2036;1039;997;309;153;156;1383;738;645;344;148;196
430718.006828302;5575790.0946242;533068;Vraný;2124;Slaný;755;378;377;121;61;60;500;265;235;134;52;82
495488.734973174;5506710.84817002;533076;Pavlovice;2125;Vlašim;212;101;111;48;24;24;130;64;66;34;13;21
495693.706775806;5508173.22401957;533084;Kladruby;2125;Vlašim;253;135;118;39;20;19;166;92;74;48;23;25
446716.587720519;5560240.41756218;533092;Zákolany;2109;Kladno;540;267;273;88;38;50;362;194;168;90;35;55
427911.614816221;5532727.23778127;533106;Trubín;2102;Beroun;387;199;188;69;40;29;289;147;142;29;12;17
435809.098854782;5571294.92373118;533114;Zlonice;2124;Slaný;2262;1122;1140;372;199;173;1508;759;749;382;164;218
442040.838347269;5564485.47652572;533122;Zvoleněves;2124;Slaný;865;430;435;144;79;65;570;288;282;151;63;88
428147.708676517;5550580.19631232;533149;Žilina;2109;Kladno;796;410;386;117;60;57;553;297;256;126;53;73
439892.750671178;5566414.84302474;533157;Žižice;2124;Slaný;647;341;306;127;64;63;429;235;194;91;42;49
514593.666482144;5541790.62987155;533165;Kolín;2110;Kolín;30995;15139;15856;4664;2436;2228;20153;10239;9914;6178;2464;3714
495581.513205215;5531485.59435887;533173;Barchovice;2110;Kolín;209;97;112;28;11;17;137;68;69;44;18;26
505771.708211159;5532289.22506226;533181;Bečváry;2110;Kolín;1014;483;531;161;93;68;650;311;339;203;79;124
522926.37586387;5545899.78180642;533190;Bělušice;2110;Kolín;281;142;139;55;34;21;173;87;86;53;21;32
429944.741067961;5532330.08175062;533203;Králův Dvůr;2102;Beroun;8166;4022;4144;1684;850;834;5418;2713;2705;1064;459;605
506336.406764612;5542394.37640314;533211;Břežany I;2110;Kolín;313;172;141;54;34;20;203;106;97;56;32;24
485100.511366853;5549322.05349483;533220;Břežany II;2106;Český Brod;742;388;354;132;68;64;516;280;236;94;40;54
519898.708776827;5546405.31500294;533238;Býchory;2110;Kolín;624;332;292;107;53;54;428;241;187;89;38;51
505181.309414703;5546491.36403142;533246;Cerhenice;2110;Kolín;1668;824;844;286;156;130;1091;545;546;291;123;168
486022.352319966;5533000.29615572;533254;Černé Voděrady;2122;Říčany;354;177;177;52;25;27;233;124;109;69;28;41
514264.153476987;5535849.9611752;533262;Červené Pečky;2110;Kolín;1801;908;893;287;145;142;1192;616;576;322;147;175
489800.853514439;5547458.22621472;533271;Český Brod;2106;Český Brod;6922;3385;3537;1186;594;592;4432;2250;2182;1304;541;763
503017.597588097;5547383.89917804;533289;Dobřichov;2110;Kolín;753;378;375;105;66;39;518;252;266;130;60;70
504862.275873188;5536399.40582883;533297;Dolní Chvatliny;2110;Kolín;470;248;222;97;53;44;292;158;134;81;37;44
485736.223273054;5541019.98343865;533301;Doubravčice;2106;Český Brod;635;314;321;156;91;65;414;196;218;65;27;38
418910.449911953;5511279.93393122;533319;Malá Víska;2108;Hořovice;92;50;42;11;4;7;57;34;23;24;12;12
497192.896317664;5528902.61148818;533327;Horní Kruty;2110;Kolín;518;242;276;79;35;44;359;179;180;80;28;52
427541.60260244;5520476.1652948;533335;Lhotka;2108;Hořovice;334;168;166;55;26;29;216;115;101;63;27;36
499074.891623976;5546840.37324682;533343;Chotutice;2110;Kolín;505;247;258;80;40;40;313;163;150;112;44;68
495437.173730356;5545666.12388134;533351;Chrášťany;2106;Český Brod;745;369;376;140;75;65;512;255;257;93;39;54
518555.903704359;5549037.95416034;533360;Jestřabí Lhota;2110;Kolín;498;242;256;99;52;47;340;167;173;59;23;36
487440.325566522;5535477.87246807;533378;Jevany;2122;Říčany;725;366;359;133;71;62;463;240;223;129;55;74
494510.226005072;5548224.37782541;533386;Klučov;2106;Český Brod;985;490;495;187;100;87;648;328;320;150;62;88
520071.376045486;5543187.85401927;533394;Konárovice;2110;Kolín;871;429;442;173;91;82;550;269;281;148;69;79
508644.975585147;5535074.02810326;533408;Kořenice;2110;Kolín;616;310;306;100;50;50;403;209;194;113;51;62
489981.470668892;5538387.86457499;533416;Kostelec nad Černými lesy;2122;Říčany;3627;1773;1854;598;307;291;2392;1203;1189;637;263;374
497921.286095312;5538729.11617075;533424;Kouřim;2110;Kolín;1894;922;972;307;156;151;1234;621;613;353;145;208
486695.715972925;5538811.48932363;533432;Kozojedy;2122;Říčany;843;435;408;185;106;79;542;278;264;116;51;65
525653.368648941;5546375.94462449;533441;Krakovany;2110;Kolín;823;409;414;130;57;73;574;299;275;119;53;66
491449.763115774;5541538.59586095;533459;Krupá;2106;Český Brod;389;188;201;44;23;21;285;143;142;60;22;38
509331.221949492;5541543.68903886;533467;Křečhoř;2110;Kolín;471;234;237;73;32;41;313;169;144;85;33;52
518393.73527964;5537553.77898711;533475;Libenice;2110;Kolín;302;151;151;37;18;19;218;113;105;47;20;27
506314.890973218;5539777.81703046;533483;Libodřice;2110;Kolín;294;148;146;31;17;14;209;106;103;54;25;29
653304.375019892;5574986.20476042;533491;Černá Voda;7102;Jeseník;563;293;270;65;38;27;374;205;169;124;50;74
508924.601352083;5538196.60883275;533505;Lošany;2110;Kolín;325;156;169;55;27;28;214;104;110;56;25;31
497132.88063227;5533689.80238058;533513;Malotice;2110;Kolín;315;148;167;60;25;35;211;106;105;44;17;27
516348.800413462;5538317.95483369;533521;Nebovidy;2110;Kolín;687;350;337;136;74;62;433;220;213;118;56;62
511026.874593157;5544681.40148281;533530;Nová Ves I;2110;Kolín;1231;612;619;193;98;95;825;427;398;213;87;126
491815.824782221;5533952.23515516;533548;Nučice;2122;Říčany;375;192;183;58;34;24;257;129;128;60;29;31
521089.282509929;5549546.66555512;533556;Ohaře;2110;Kolín;286;153;133;34;17;17;204;110;94;48;26;22
493818.409301198;5535539.66693326;533564;Oleška;2122;Říčany;956;480;476;165;87;78;635;330;305;156;63;93
517241.864043123;5546019.58951988;533572;Ovčáry;2110;Kolín;807;410;397;129;64;65;553;295;258;125;51;74
503389.148411317;5542990.69863153;533581;Plaňany;2110;Kolín;1856;934;922;376;209;167;1217;619;598;263;106;157
514743.443709343;5538982.12031151;533599;Polepy;2110;Kolín;630;331;299;84;43;41;423;232;191;123;56;67
438606.800524559;5541489.53915318;533602;Nenačovice;2102;Beroun;271;124;147;44;23;21;175;79;96;52;22;30
483242.829606966;5544805.6075113;533611;Přišimasy;2106;Český Brod;768;390;378;167;87;80;511;254;257;90;49;41
500834.589230203;5546484.33860776;533629;Radim;2110;Kolín;1234;603;631;234;131;103;811;390;421;189;82;107
510450.503729927;5539786.10671071;533637;Radovesnice I;2110;Kolín;355;164;191;55;19;36;239;115;124;61;30;31
525654.685251465;5550293.62990564;533645;Radovesnice II;2110;Kolín;476;241;235;58;35;23;302;160;142;116;46;70
511081.643351108;5535416.91909266;533653;Ratboř;2110;Kolín;566;285;281;83;44;39;375;196;179;108;45;63
486281.379814258;5546890.9511799;533661;Rostoklaty;2106;Český Brod;503;248;255;103;51;52;330;165;165;70;32;38
439293.744464765;5539841.75473733;533670;Chrustenice;2102;Beroun;919;463;456;182;98;84;621;314;307;116;51;65
643757.755699592;5529881.40616917;533688;Dlouhomilov;7111;Šumperk;468;228;240;69;39;30;283;137;146;116;52;64
500010.20069307;5527365.73557653;533696;Skvrňov;2110;Kolín;200;98;102;44;24;20;114;56;58;42;18;24
520695.715052471;5539636.37732241;533700;Starý Kolín;2110;Kolín;1617;817;800;257;124;133;1042;554;488;318;139;179
488740.949052903;5528196.89088657;533718;Stříbrná Skalice;2122;Říčany;1313;658;655;229;121;108;871;441;430;213;96;117
502255.56771491;5539122.85496862;533726;Svojšice;2110;Kolín;570;296;274;77;35;42;354;196;158;139;65;74
485896.708728141;5544960.41039402;533734;Tismice;2106;Český Brod;529;262;267;117;60;57;347;177;170;65;25;40
501158.151672094;5536774.23943494;533742;Toušice;2110;Kolín;328;147;181;50;25;25;227;102;125;51;20;31
497465.581510669;5542121.65706665;533751;Třebovle;2110;Kolín;502;237;265;96;48;48;322;156;166;84;33;51
518068.981563569;5542264.02208782;533769;Tři Dvory;2110;Kolín;954;472;482;135;71;64;624;319;305;195;82;113
489166.73528884;5543311.15938729;533777;Tuchoraz;2106;Český Brod;483;240;243;96;52;44;325;164;161;62;24;38
482666.129926044;5548081.04253809;533785;Tuklaty;2106;Český Brod;924;451;473;196;101;95;597;291;306;131;59;72
437856.946696716;5530164.7269783;533793;Korno;2102;Beroun;102;47;55;16;6;10;67;36;31;19;5;14
524722.272558752;5543595.68523992;533807;Týnec nad Labem;2110;Kolín;2064;1013;1051;312;158;154;1383;705;678;369;150;219
528338.114647335;5547895.77069138;533815;Uhlířská Lhota;2110;Kolín;374;190;184;48;30;18;240;127;113;86;33;53
521801.621721643;5542014.76628582;533823;Veletov;2110;Kolín;241;116;125;40;15;25;160;82;78;41;19;22
507725.278337098;5545212.08106579;533831;Velim;2110;Kolín;2169;1102;1067;344;192;152;1418;740;678;407;170;237
514175.754667067;5549050.86889964;533840;Velký Osek;2110;Kolín;2308;1118;1190;395;197;198;1462;726;736;451;195;256
513285.124014792;5546112.68020115;533858;Veltruby;2110;Kolín;1365;673;692;189;93;96;933;482;451;243;98;145
494098.037201915;5540618.47965376;533866;Vitice;2106;Český Brod;1073;535;538;181;89;92;703;363;340;189;83;106
492576.864037514;5527532.53909626;533874;Vlkančice;2122;Říčany;180;94;86;22;11;11;117;64;53;41;19;22
516790.587828696;5548771.50079042;533882;Volárna;2110;Kolín;498;252;246;68;35;33;349;183;166;81;34;47
499153.928512072;5544424.58527497;533891;Vrbčany;2110;Kolín;366;189;177;71;37;34;249;132;117;46;20;26
484414.879541037;5536461.24676357;533904;Vyžlovka;2122;Říčany;643;307;336;86;40;46;439;224;215;118;43;75
445319.969734724;5532262.65028029;533912;Mořinka;2102;Beroun;149;73;76;23;12;11;96;49;47;30;12;18
501435.469739111;5532792.40897036;533921;Zásmuky;2110;Kolín;1904;957;947;297;154;143;1278;664;614;329;139;190
433462.867742593;5523479.74153922;533939;Lážovice;2108;Hořovice;111;60;51;24;13;11;74;40;34;13;7;6
528450.007629184;5552483.67503013;533947;Žiželice;2110;Kolín;1535;766;769;223;113;110;1028;531;497;284;122;162
520158.832965617;5532797.64278623;533955;Kutná Hora;2112;Kutná Hora;20341;9924;10417;2915;1489;1426;13485;6812;6673;3941;1623;2318
433159.709271253;5521505.33578081;533963;Skřipel;2108;Hořovice;118;52;66;13;3;10;78;36;42;27;13;14
534458.88082514;5533584.30087872;533971;Bílé Podolí;2104;Čáslav;613;308;305;65;33;32;420;222;198;128;53;75
516375.624943366;5514322.17749501;533980;Bohdaneč;2112;Kutná Hora;419;208;211;66;31;35;273;140;133;80;37;43
524474.687414526;5533362.59650459;533998;Církvice;2112;Kutná Hora;1243;601;642;194;98;96;859;433;426;190;70;120
528310.920725314;5529485.42828337;534005;Čáslav;2104;Čáslav;10378;4997;5381;1688;871;817;6762;3366;3396;1928;760;1168
515759.420234833;5521347.28450227;534013;Černíny;2112;Kutná Hora;376;196;180;46;24;22;229;130;99;101;42;59
519338.425616403;5519846.21768195;534021;Červené Janovice;2112;Kutná Hora;672;345;327;94;50;44;437;227;210;141;68;73
506725.271025301;5516934.22620999;534030;Čestín;2112;Kutná Hora;437;222;215;57;36;21;278;148;130;102;38;64
436079.190865258;5522305.38670433;534048;Vižina;2108;Hořovice;259;134;125;48;20;28;159;93;66;52;21;31
509457.939443167;5507696.81208749;534056;Horka II;2112;Kutná Hora;385;199;186;40;23;17;266;140;126;79;36;43
533551.150733361;5523710.80868145;534064;Hostovlice;2104;Čáslav;248;130;118;38;21;17;167;86;81;43;23;20
422746.128543287;5522753.83696759;534072;Kotopeky;2108;Hořovice;316;167;149;50;28;22;206;110;96;60;29;31
504409.363461203;5511163.52620373;534081;Chabeřice;2112;Kutná Hora;240;120;120;34;14;20;161;86;75;45;20;25
512446.433053911;5523455.75647429;534099;Chlístovice;2112;Kutná Hora;737;380;357;104;53;51;490;260;230;143;67;76
528328.406972585;5533313.05353611;534102;Chotusice;2104;Čáslav;715;381;334;122;75;47;476;256;220;117;50;67
424781.28852855;5524762.29268772;534111;Otmíče;2108;Hořovice;182;89;93;30;16;14;120;58;62;32;15;17
501847.541704404;5514581.79299543;534129;Kácov;2112;Kutná Hora;780;383;397;104;54;50;509;256;253;167;73;94
522135.164877166;5527574.34147386;534137;Kluky;2104;Čáslav;483;246;237;81;43;38;302;160;142;100;43;57
432925.666950977;5525949.87657553;534145;Bykoš;2102;Beroun;221;112;109;33;19;14;148;75;73;40;18;22
524875.151009288;5525322.90965099;534153;Krchleby;2104;Čáslav;385;174;211;52;23;29;249;113;136;84;38;46
518928.283152708;5527964.92936395;534161;Křesetice;2112;Kutná Hora;689;350;339;118;60;58;458;234;224;113;56;57
495430.813232075;5521569.14089879;534170;Ledečko;2112;Kutná Hora;171;91;80;23;13;10;114;58;56;34;20;14
515310.530089297;5527849.89243802;534188;Malešov;2112;Kutná Hora;1032;504;528;189;87;102;659;339;320;184;78;106
525564.367107493;5538572.32142724;534196;Svatý Mikuláš;2112;Kutná Hora;843;413;430;137;67;70;554;284;270;152;62;90
515822.773431459;5532711.47032796;534200;Miskovice;2112;Kutná Hora;1076;542;534;199;96;103;730;383;347;147;63;84
429548.331624117;5526783.42674711;534218;Málkov;2102;Beroun;102;60;42;16;10;6;72;42;30;14;8;6
510765.367194114;5525149.75152581;534226;Nepoměřice;2112;Kutná Hora;205;104;101;33;12;21;136;72;64;36;20;16
434966.73345282;5527054.87439933;534234;Vinařice;2102;Beroun;102;50;52;21;11;10;58;28;30;23;11;12
523264.475278173;5536000.9229363;534242;Nové Dvory;2112;Kutná Hora;868;461;407;131;72;59;599;332;267;138;57;81
533880.845186883;5522081.78157429;534251;Okřesaneč;2104;Čáslav;201;99;102;38;20;18;125;63;62;38;16;22
437146.857814694;5525908.8399517;534269;Nesvačily;2102;Beroun;152;80;72;33;18;15;95;51;44;24;11;13
508850.458474189;5527692.25717715;534277;Onomyšl;2112;Kutná Hora;305;154;151;53;30;23;187;93;94;65;31;34
437473.248179088;5523283.62396785;534285;Podbrdy;2102;Beroun;209;108;101;27;15;12;145;81;64;37;12;25
497634.167465371;5516607.65321115;534293;Soběšín;2112;Kutná Hora;143;73;70;8;3;5;92;53;39;43;17;26
513011.975529855;5511090.35989016;534307;Pertoltice;2112;Kutná Hora;143;83;60;15;11;4;84;49;35;44;23;21
521676.548638441;5517407.02526968;534315;Petrovice I;2112;Kutná Hora;291;138;153;29;11;18;185;97;88;77;30;47
505142.653612436;5518661.39946718;534323;Petrovice II;2112;Kutná Hora;103;48;55;12;5;7;58;32;26;33;11;22
530315.539131867;5524441.32707918;534331;Potěhy;2104;Čáslav;629;307;322;108;51;57;427;213;214;94;43;51
506762.657439352;5526936.31589462;534340;Rašovice;2112;Kutná Hora;383;189;194;59;28;31;252;132;120;72;29;43
497473.934010404;5521071.20603895;534358;Rataje nad Sázavou;2112;Kutná Hora;537;268;269;57;25;32;334;179;155;146;64;82
506212.045666696;5513180.92717846;534366;Řendějov;2112;Kutná Hora;249;122;127;31;12;19;167;91;76;51;19;32
495271.964440933;5523535.45897135;534374;Samopše;2112;Kutná Hora;147;74;73;16;8;8;87;47;40;44;19;25
492609.089261521;5523188.02515337;534382;Sázava;2101;Benešov;3753;1881;1872;560;298;262;2446;1242;1204;747;341;406
511993.475830678;5513158.46364911;534391;Slavošov;2112;Kutná Hora;149;74;75;22;8;14;99;55;44;28;11;17
442526.172514745;5537027.92671136;534404;Lužce;2102;Beroun;114;62;52;21;12;9;76;39;37;17;11;6
501061.488822884;5524288.66350326;534412;Staňkovice;2112;Kutná Hora;280;149;131;47;28;19;176;100;76;57;21;36
425105.637684332;5527336.89057497;534421;Bavoryně;2102;Beroun;286;146;140;58;32;26;183;94;89;45;20;25
510579.357103579;5531819.7677306;534439;Suchdol;2112;Kutná Hora;1127;569;558;144;79;65;793;413;380;190;77;113
427198.515793185;5527292.14669926;534447;Chodouň;2102;Beroun;647;341;306;102;54;48;429;227;202;116;60;56
422775.269141342;5526385.29199972;534455;Chlustina;2108;Hořovice;232;115;117;35;17;18;145;74;71;52;24;28
419876.427483351;5526821.47839575;534463;Točník;2108;Hořovice;236;116;120;32;19;13;161;80;81;43;17;26
519615.624530604;5566068.1039521;534471;Záhornice;2119;Poděbrady;411;217;194;83;52;31;264;136;128;64;29;35
528297.648363779;5524548.88648994;534480;Tupadly;2104;Čáslav;629;320;309;99;56;43;406;212;194;124;52;72
504162.385893505;5523638.2884682;534498;Uhlířské Janovice;2112;Kutná Hora;3044;1515;1529;484;268;216;2002;1009;993;558;238;320
519635.430059446;5524629.34423907;534501;Úmonín;2112;Kutná Hora;488;247;241;70;37;33;328;168;160;90;42;48
496521.191036148;5525933.97497477;534510;Úžice;2112;Kutná Hora;646;328;318;101;49;52;423;221;202;122;58;64
503473.800325625;5528214.53925661;534528;Vavřinec;2112;Kutná Hora;517;252;265;90;45;45;348;174;174;79;33;46
513061.396185106;5529222.35995567;534536;Vidice;2112;Kutná Hora;233;114;119;41;24;17;137;71;66;55;19;36
536020.719238242;5528632.26919535;534544;Vinaře;2104;Čáslav;246;125;121;36;22;14;150;76;74;60;27;33
531641.428942363;5532113.00863513;534552;Vlačice;2104;Čáslav;242;119;123;41;23;18;162;79;83;39;17;22
513169.692753224;5508226.54954132;534561;Vlastějovice;2112;Kutná Hora;467;226;241;63;31;32;292;147;145;112;48;64
529254.562505359;5518398.93821245;534579;Vlkaneč;2104;Čáslav;608;308;300;78;42;36;413;215;198;117;51;66
533144.539393003;5530186.37499135;534587;Vrdy;2104;Čáslav;2904;1455;1449;422;230;192;2010;1034;976;472;191;281
525991.94995827;5540087.77380307;534595;Záboří nad Labem;2112;Kutná Hora;840;409;431;155;76;79;537;274;263;148;59;89
501471.390020172;5518866.28442752;534609;Zbizuby;2112;Kutná Hora;446;236;210;64;39;25;298;163;135;84;34;50
512029.175371984;5516572.87608232;534617;Zbraslavice;2112;Kutná Hora;1385;712;673;186;93;93;948;510;438;251;109;142
525644.831446775;5518171.17126454;534625;Zbýšov;2104;Čáslav;631;316;315;83;38;45;404;212;192;144;66;78
507595.366077273;5510332.00920518;534633;Zruč nad Sázavou;2112;Kutná Hora;4719;2295;2424;567;285;282;3116;1609;1507;1036;401;635
526337.203880218;5525217.57890519;534641;Žáky;2104;Čáslav;336;171;165;48;22;26;235;126;109;53;23;30
529933.550559923;5534434.22974025;534650;Žehušice;2104;Čáslav;755;377;378;142;83;59;500;247;253;113;47;66
534129.170245022;5526130.97476793;534668;Žleby;2104;Čáslav;1289;648;641;164;85;79;865;451;414;260;112;148
463470.862905903;5579766.62037076;534676;Mělník;2114;Mělník;19230;9302;9928;3000;1540;1460;12369;6175;6194;3861;1587;2274
474973.188629344;5562575.3809056;534684;Borek;2103;Brandýs nad Labem-Stará Boleslav;291;152;139;47;20;27;194;110;84;50;22;28
621504.110481032;5480586.46549425;534692;Újezd u Boskovic;6202;Boskovice;476;237;239;65;31;34;336;177;159;75;29;46
524428.421664771;5570185.24068381;534706;Chroustov;2119;Poděbrady;203;98;105;25;9;16;135;71;64;43;18;25
458202.450177923;5577797.81787079;534714;Býkev;2114;Mělník;408;215;193;72;37;35;272;150;122;64;28;36
473206.251018001;5574307.51086981;534722;Byšice;2114;Mělník;1307;640;667;224;118;106;883;440;443;200;82;118
456942.877392533;5580513.21359569;534731;Cítov;2114;Mělník;1237;642;595;230;132;98;817;427;390;190;83;107
472924.32485242;5571164.09743788;534749;Čečelice;2114;Mělník;640;312;328;98;58;40;434;213;221;108;41;67
506391.501158081;5574609.37473204;534757;Seletice;2118;Nymburk;201;98;103;26;13;13;124;63;61;51;22;29
459746.494912535;5581579.34192144;534765;Dolní Beřkovice;2114;Mělník;1444;728;716;235;123;112;979;497;482;230;108;122
457220.137784249;5569468.0058558;534773;Dřínov;2111;Kralupy nad Vltavou;469;231;238;94;50;44;306;152;154;69;29;40
474527.326304765;5567173.51694008;534781;Dřísy;2103;Brandýs nad Labem-Stará Boleslav;947;492;455;153;87;66;639;337;302;155;68;87
457035.901756531;5584831.74687886;534790;Horní Počaply;2114;Mělník;1309;669;640;208;107;101;855;456;399;246;106;140
460907.761548249;5576630.80175906;534803;Hořín;2114;Mělník;797;405;392;126;65;61;531;282;249;140;58;82
702135.3346986;5447566.91886422;534811;Podhradí;7204;Luhačovice;209;98;111;29;14;15;152;78;74;28;6;22
460527.206425255;5570308.80260823;534820;Chlumín;2117;Neratovice;499;248;251;87;42;45;341;180;161;71;26;45
475463.118251906;5582565.58016871;534838;Chorušice;2114;Mělník;552;292;260;89;56;33;377;203;174;86;33;53
453185.941633005;5566102.58222241;534846;Chvatěruby;2111;Kralupy nad Vltavou;535;274;261;94;54;40;355;179;176;86;41;45
495940.003164921;5549659.45639764;534854;Hořany;2118;Nymburk;143;67;76;30;12;18;92;47;45;21;8;13
500820.76608235;5555365.29233432;534862;Zvěřínek;2118;Nymburk;267;120;147;43;19;24;179;85;94;45;16;29
491713.59184748;5553758.3032635;534871;Velenka;2118;Nymburk;289;142;147;47;25;22;186;88;98;56;29;27
489803.407039652;5554693.56264476;534889;Starý Vestec;2113;Lysá nad Labem;178;91;87;26;11;15;123;68;55;29;12;17
464914.964007047;5573267.99852078;534897;Kly;2114;Mělník;1428;707;721;302;152;150;959;478;481;167;77;90
468640.809698755;5587781.5531027;534901;Kokořín;2114;Mělník;369;181;188;54;29;25;257;127;130;58;25;33
511090.980241452;5562388.82703689;534919;Netřebice;2118;Nymburk;212;104;108;32;15;17;150;78;72;30;11;19
641028.681517238;5520861.4478063;534927;Dubicko;7113;Zábřeh;1068;517;551;197;91;106;712;361;351;159;65;94
469886.585817027;5564076.11735854;534935;Kostelec nad Labem;2117;Neratovice;4033;2025;2008;701;365;336;2734;1397;1337;598;263;335
510619.046613312;5559991.18544163;534943;Kouty;2119;Poděbrady;304;153;151;51;27;24;206;106;100;47;20;27
449874.417183259;5565262.18578967;534951;Kralupy nad Vltavou;2111;Kralupy nad Vltavou;17987;8884;9103;2719;1431;1288;11811;5993;5818;3457;1460;1997
473425.583812912;5564968.00143114;534960;Křenek;2103;Brandýs nad Labem-Stará Boleslav;254;124;130;36;16;20;171;87;84;47;21;26
449216.14189395;5576584.08775401;534978;Ledčice;2111;Kralupy nad Vltavou;629;324;305;112;58;54;414;222;192;103;44;59
476183.400674739;5564437.2615312;534986;Lhota;2103;Brandýs nad Labem-Stará Boleslav;469;238;231;72;36;36;313;162;151;84;40;44
523672.370795544;5553356.9964859;534994;Choťovice;2110;Kolín;206;102;104;36;26;10;126;58;68;44;18;26
460288.082188872;5585983.12709988;535001;Liběchov;2114;Mělník;1057;542;515;180;98;82;695;372;323;182;72;110
426482.967037934;5545786.69808708;535010;Běleč;2109;Kladno;306;160;146;50;27;23;198;108;90;58;25;33
457570.216400545;5575500.98937741;535028;Lužec nad Vltavou;2114;Mělník;1450;715;735;183;104;79;994;505;489;273;106;167
467815.260796178;5574588.79227869;535036;Malý Újezd;2114;Mělník;1054;506;548;198;91;107;707;356;351;149;59;90
477163.318252827;5578034.47516476;535044;Mělnické Vtelno;2114;Mělník;973;490;483;175;97;78;650;331;319;148;62;86
473431.44881629;5588351.4147153;535052;Mšeno;2114;Mělník;1422;664;758;196;100;96;920;445;475;306;119;187
470976.452190344;5582774.42212736;535061;Nebužely;2114;Mělník;422;201;221;63;29;34;285;148;137;74;24;50
449596.040828215;5568850.44373859;535079;Nelahozeves;2111;Kralupy nad Vltavou;1941;965;976;395;199;196;1283;657;626;263;109;154
464243.974792323;5567299.74645776;535087;Neratovice;2117;Neratovice;16234;7941;8293;2508;1281;1227;11013;5477;5536;2713;1183;1530
445071.640490897;5575862.28543179;535095;Loucká;2124;Slaný;137;69;68;28;15;13;88;44;44;21;10;11
432477.493381439;5568373.4501822;535109;Královice;2124;Slaný;205;107;98;36;17;19;138;73;65;31;17;14
451037.16577904;5573263.34632434;535117;Nová Ves;2111;Kralupy nad Vltavou;1024;539;485;138;73;65;711;394;317;175;72;103
421219.666134563;5567748.43185495;535125;Bílichov;2124;Slaný;188;100;88;35;21;14;113;63;50;40;16;24
462571.667237765;5572460.8758832;535133;Obříství;2117;Neratovice;1322;662;660;246;127;119;901;467;434;175;68;107
471419.332134784;5566936.68971511;535141;Ovčáry;2117;Neratovice;494;252;242;71;39;32;348;183;165;75;30;45
425200.517251907;5569932.87263532;535150;Hořešovičky;2124;Slaný;126;63;63;19;10;9;84;44;40;23;9;14
473482.918659349;5580122.46644779;535168;Řepín;2114;Mělník;658;328;330;131;62;69;429;222;207;98;44;54
459386.950059133;5421722.95783923;535176;Planá;3102;České Budějovice;247;124;123;39;18;21;167;88;79;41;18;23
717033.842445159;5452842.50416693;535184;Tichov;7209;Valašské Klobouky;328;171;157;56;32;24;228;123;105;44;16;28
454796.120006663;5576771.07610217;535192;Spomyšl;2114;Mělník;449;236;213;88;44;44;291;159;132;70;33;37
465339.528445641;5423977.94258638;535206;Dobrá Voda u Českých Budějovic;3102;České Budějovice;2634;1261;1373;433;208;225;1594;804;790;607;249;358
469539.715198932;5580580.09419428;535214;Střemy;2114;Mělník;435;214;221;56;22;34;305;157;148;74;35;39
468641.767083863;5567912.80647697;535222;Tišice;2117;Neratovice;2225;1104;1121;445;227;218;1432;722;710;348;155;193
470299.667107229;5414674.3065085;535231;Ostrolovský Újezd;3113;Trhové Sviny;157;79;78;22;16;6;112;51;61;23;12;11
456545.287956386;5430019.77170656;535249;Dasný;3102;České Budějovice;332;168;164;68;37;31;232;114;118;32;17;15
457571.756224847;5567648.87033207;535257;Úžice;2111;Kralupy nad Vltavou;944;490;454;155;74;81;648;357;291;141;59;82
467061.603973732;5577369.19989699;535265;Velký Borek;2114;Mělník;1047;538;509;192;99;93;682;369;313;173;70;103
452303.053902733;5569194.85082027;535273;Veltrusy;2111;Kralupy nad Vltavou;2025;978;1047;387;191;196;1321;639;682;317;148;169
452479.181706483;5437485.22545586;535281;Mydlovary;3102;České Budějovice;310;155;155;51;23;28;205;105;100;54;27;27
455309.187518997;5572530.22797888;535290;Vojkovice;2111;Kralupy nad Vltavou;772;389;383;133;67;66;504;261;243;135;61;74
453498.28578368;5575097.71265536;535303;Vraňany;2114;Mělník;881;443;438;152;70;82;593;318;275;136;55;81
453250.222834338;5571630.03407485;535311;Všestudy;2111;Kralupy nad Vltavou;346;163;183;45;17;28;225;117;108;76;29;47
470087.849435536;5570386.14881975;535320;Všetaty;2117;Neratovice;2259;1108;1151;411;214;197;1459;729;730;389;165;224
465948.114854167;5583889.59848536;535338;Vysoká;2114;Mělník;882;449;433;154;81;73;588;304;284;140;64;76
461789.83954882;5417325.02143864;535346;Plav;3102;České Budějovice;403;220;183;57;37;20;282;150;132;64;33;31
459438.435119099;5572922.43560577;535354;Zálezlice;2117;Neratovice;413;218;195;73;43;30;270;141;129;70;34;36
473067.912331358;5562453.57730585;535362;Záryby;2103;Brandýs nad Labem-Stará Boleslav;923;459;464;181;89;92;609;314;295;133;56;77
450960.592455896;5440971.87349498;535371;Nákří;3102;České Budějovice;224;109;115;45;20;25;137;70;67;42;19;23
454862.25498405;5569006.15598748;535389;Zlosyň;2111;Kralupy nad Vltavou;465;241;224;76;40;36;318;168;150;71;33;38
463756.232777226;5587014.76107496;535397;Želízy;2114;Mělník;511;260;251;79;47;32;340;172;168;92;41;51
474628.270043044;5443915.99252777;535401;Bošilec;3102;České Budějovice;205;100;105;31;14;17;130;64;66;44;22;22
493065.056723402;5584706.30042489;535419;Mladá Boleslav;2115;Mladá Boleslav;44199;22170;22029;6271;3220;3051;30150;15762;14388;7778;3188;4590
495996.411552975;5591506.50922476;535427;Bakov nad Jizerou;2115;Mladá Boleslav;5176;2617;2559;819;423;396;3479;1834;1645;878;360;518
470878.963027988;5441995.67436032;535435;Neplachov;3102;České Budějovice;361;190;171;49;27;22;246;135;111;66;28;38
485640.525679002;5595374.41937347;535443;Bělá pod Bezdězem;2115;Mladá Boleslav;4815;2446;2369;750;399;351;3193;1672;1521;872;375;497
488926.317358673;5570484.33307644;535451;Benátky nad Jizerou;2115;Mladá Boleslav;7367;3622;3745;1268;667;601;4843;2438;2405;1256;517;739
453160.559578755;5420265.62314563;535460;Hradce;3102;České Budějovice;93;38;55;22;9;13;57;25;32;14;4;10
485980.23996127;5579236.32601905;535478;Bezno;2115;Mladá Boleslav;911;459;452;160;75;85;590;310;280;161;74;87
492538.642386452;5591691.99973889;535486;Bítouchov;2115;Mladá Boleslav;336;180;156;55;29;26;210;116;94;71;35;36
463992.135961218;5428834.38437427;535494;Úsilné;3102;České Budějovice;471;243;228;87;44;43;312;162;150;72;37;35
480739.255974769;5584365.45385601;535508;Boreč;2115;Mladá Boleslav;250;111;139;37;16;21;164;76;88;49;19;30
502383.314619058;5595551.60310145;535516;Boseň;2116;Mnichovo Hradiště;470;244;226;81;49;32;326;169;157;63;26;37
455251.078637938;5456356.10924823;535524;Hosty;3115;Týn nad Vltavou;165;84;81;22;12;10;106;53;53;37;19;18
638077.013509856;5550782.67826063;535532;Hanušovice;7111;Šumperk;3181;1574;1607;446;222;224;2144;1098;1046;591;254;337
449307.234457858;5425384.45221013;535541;Čakov;3102;České Budějovice;272;131;141;49;21;28;180;94;86;43;16;27
491095.316362408;5574960.06530824;535559;Brodce;2115;Mladá Boleslav;1059;528;531;187;96;91;698;370;328;174;62;112
502759.89293364;5599252.32171668;535567;Březina;2116;Mnichovo Hradiště;418;211;207;65;36;29;291;150;141;62;25;37
450533.231852436;5421656.51136917;535575;Habří;3102;České Budějovice;93;51;42;12;6;6;60;36;24;21;9;12
501424.743172135;5583616.85411682;535583;Březno;2115;Mladá Boleslav;989;500;489;209;107;102;678;345;333;102;48;54
471349.886357134;5425218.18490972;535591;Zvíkov;3102;České Budějovice;256;129;127;36;19;17;171;89;82;49;21;28
488117.528960032;5587960.00030646;535605;Bukovno;2115;Mladá Boleslav;724;362;362;123;62;61;502;258;244;99;42;57
472870.650877053;5426457.98666447;535613;Hvozdec;3102;České Budějovice;124;59;65;25;11;14;84;40;44;15;8;7
494803.279108453;5570840.0533343;535621;Čachovice;2115;Mladá Boleslav;878;448;430;144;74;70;572;301;271;162;73;89
488714.542160468;5591388.66295125;535630;Čistá;2115;Mladá Boleslav;784;392;392;136;71;65;527;264;263;121;57;64
466263.202590616;5418911.54002124;535648;Nová Ves;3102;České Budějovice;739;362;377;138;69;69;489;240;249;112;53;59
504155.208541669;5585839.37400303;535656;Dlouhá Lhota;2115;Mladá Boleslav;401;204;197;73;36;37;274;144;130;54;24;30
464056.589953064;5420319.77632663;535664;Doubravice;3102;České Budějovice;298;149;149;50;25;25;203;106;97;45;18;27
496705.64131132;5579636.07245947;535672;Dobrovice;2115;Mladá Boleslav;3380;1703;1677;553;292;261;2260;1168;1092;567;243;324
464985.916860683;5417625.83889244;535681;Borovnice;3102;České Budějovice;121;61;60;13;7;6;87;46;41;21;8;13
482737.985754918;5411634.14729645;535699;Petříkov;3113;Trhové Sviny;280;147;133;39;20;19;190;106;84;51;21;30
508800.788304707;5587500.82474559;535702;Dolní Bousov;2115;Mladá Boleslav;2648;1334;1314;468;251;217;1706;887;819;474;196;278
490338.389179991;5598335.18591912;535711;Dolní Krupá;2116;Mnichovo Hradiště;241;130;111;49;29;20;154;84;70;38;17;21
481095.944290382;5573040.25604004;535729;Dolní Slivno;2115;Mladá Boleslav;318;148;170;42;15;27;220;109;111;56;24;32
462910.454039858;5419305.7070831;535737;Vidov;3102;České Budějovice;549;284;265;105;50;55;397;208;189;47;26;21
507181.554213402;5583655.50840534;535745;Domousnice;2115;Mladá Boleslav;254;128;126;33;17;16;157;86;71;64;25;39
465846.36058172;5428380.57847791;535753;Hůry;3102;České Budějovice;540;282;258;91;47;44;380;195;185;69;40;29
468639.574742888;5427499.614569;535761;Jivno;3102;České Budějovice;309;160;149;44;22;22;226;116;110;39;22;17
629907.820022559;5535485.65015665;535770;Horní Studénky;7113;Zábřeh;339;176;163;46;22;24;223;120;103;70;34;36
466833.787026278;5424829.07007233;535788;Dubičné;3102;České Budějovice;378;202;176;65;33;32;251;138;113;62;31;31
465408.024888197;5426271.1663826;535796;Vráto;3102;České Budějovice;388;197;191;58;31;27;284;144;140;46;22;24
467072.944787377;5430114.97125712;535800;Libníč;3102;České Budějovice;484;252;232;80;41;39;333;182;151;71;29;42
488869.39641747;5574970.75597235;535818;Horky nad Jizerou;2115;Mladá Boleslav;536;259;277;104;53;51;357;180;177;75;26;49
467149.91005901;5428035.7689518;535826;Adamov;3102;České Budějovice;821;417;404;165;87;78;566;286;280;90;44;46
494366.239317609;5599245.37501978;535834;Horní Bukovina;2116;Mnichovo Hradiště;251;123;128;44;23;21;166;85;81;41;15;26
464865.151240331;5410315.60061543;535842;Mokrý Lom;3102;České Budějovice;102;48;54;15;6;9;65;31;34;22;11;11
446345.405067813;5435113.43710014;535851;Hlavatce;3102;České Budějovice;149;72;77;19;10;9;106;52;54;24;10;14
490714.995852857;5590928.60096193;535869;Hrdlořezy;2115;Mladá Boleslav;728;362;366;128;61;67;480;242;238;120;59;61
466538.761831979;5412728.68804289;535877;Komařice;3102;České Budějovice;337;167;170;54;29;25;223;114;109;60;24;36
627508.573843933;5526507.03688951;535885;Hoštejn;7113;Zábřeh;419;205;214;70;35;35;287;143;144;62;27;35
466517.171920378;5437409.34455595;535893;Vitín;3102;České Budějovice;428;222;206;88;42;46;293;157;136;47;23;24
465156.795666929;5435197.39346879;535907;Chotýčany;3102;České Budějovice;227;113;114;43;27;16;149;74;75;35;12;23
465128.617577828;5440789.77977401;535915;Vlkov;3102;České Budějovice;32;18;14;3;1;2;23;14;9;6;3;3
497800.531524452;5603669.84657887;535923;Chocnějovice;2116;Mnichovo Hradiště;416;220;196;68;43;25;278;148;130;70;29;41
485166.040729597;5575853.72335028;535931;Chotětov;2115;Mladá Boleslav;930;464;466;171;91;80;636;322;314;123;51;72
472736.830715977;5438397.23862003;535940;Mazelov;3102;České Budějovice;214;115;99;28;14;14;147;83;64;39;18;21
467906.271859476;5441212.80714296;535958;Drahotěšice;3102;České Budějovice;315;170;145;57;33;24;213;118;95;45;19;26
501977.246528482;5574813.95568844;535966;Jabkenice;2115;Mladá Boleslav;415;213;202;53;30;23;277;149;128;85;34;51
496419.994248416;5599952.93499672;535974;Jivina;2116;Mnichovo Hradiště;450;237;213;75;39;36;317;174;143;58;24;34
474569.648722392;5403511.44486404;535982;Kamenná;3113;Trhové Sviny;285;146;139;30;18;12;211;108;103;44;20;24
452532.507952103;5432577.12895073;535991;Pištín;3102;České Budějovice;631;315;316;104;44;60;420;226;194;107;45;62
482586.776302091;5588671.21071846;536008;Katusice;2115;Mladá Boleslav;815;412;403;133;60;73;552;286;266;130;66;64
454883.607583154;5437201.74917314;536016;Zahájí;3102;České Budějovice;464;230;234;73;39;34;315;152;163;76;39;37
496070.358232911;5597452.91036921;536024;Klášter Hradiště nad Jizerou;2116;Mnichovo Hradiště;933;480;453;183;87;96;643;348;295;107;45;62
446804.397064719;5429206.68089832;536032;Strýčice;3102;České Budějovice;62;37;25;10;8;2;38;22;16;14;7;7
503565.324352349;5592085.04046375;536041;Kněžmost;2116;Mnichovo Hradiště;2028;999;1029;394;200;194;1312;676;636;322;123;199
451221.418425692;5430340.48595155;536059;Břehov;3102;České Budějovice;153;77;76;28;13;15;108;56;52;17;8;9
483574.990814956;5569685.46457204;536067;Kochánky;2115;Mladá Boleslav;444;247;197;80;46;34;267;158;109;97;43;54
468194.803749012;5450797.4815591;536075;Hartmanice;3115;Týn nad Vltavou;178;92;86;37;17;20;114;62;52;27;13;14
515770.702305181;5562129.22530194;536083;Velenice;2119;Poděbrady;199;102;97;23;12;11;134;71;63;42;19;23
645853.651846819;5531510.84638703;536091;Hrabišín;7111;Šumperk;838;433;405;122;60;62;587;307;280;129;66;63
462930.002382683;5448945.98172362;536105;Horní Kněžeklady;3115;Týn nad Vltavou;107;50;57;9;0;9;70;40;30;28;10;18
627914.154304186;5523268.67213058;536113;Hynčina;7113;Zábřeh;206;104;102;34;18;16;130;64;66;42;22;20
497893.951450528;5576152.3918704;536121;Kosořice;2115;Mladá Boleslav;495;246;249;88;48;40;338;168;170;69;30;39
479609.754240953;5567615.00852363;536130;Kostelní Hlavno;2103;Brandýs nad Labem-Stará Boleslav;472;224;248;80;36;44;306;151;155;86;37;49
639618.558026207;5583309.13804097;536148;Javorník;7102;Jeseník;2836;1395;1441;411;206;205;1869;955;914;556;234;322
464108.334803378;5452205.96774268;536156;Bečice;3115;Týn nad Vltavou;93;45;48;11;7;4;64;35;29;18;3;15
485870.049812385;5585972.41011375;536164;Krásná Ves;2115;Mladá Boleslav;200;89;111;31;11;20;136;61;75;33;17;16
489698.259909686;5581551.43235886;536172;Krnsko;2115;Mladá Boleslav;573;287;286;113;55;58;386;199;187;74;33;41
478947.03096121;5575191.45390013;536181;Kropáčova Vrutice;2115;Mladá Boleslav;892;435;457;155;76;79;575;293;282;162;66;96
462183.739335675;5451450.25631984;536199;Dobšice;3115;Týn nad Vltavou;122;61;61;25;12;13;81;42;39;16;7;9
505570.14303166;5577846.04101333;536202;Ledce;2115;Mladá Boleslav;383;194;189;56;24;32;254;136;118;73;34;39
504503.191559584;5581993.12395435;536211;Lhotky;2115;Mladá Boleslav;141;76;65;25;15;10;99;53;46;17;8;9
456233.933110543;5413226.80240059;536229;Chlumec;3103;Český Krumlov;101;48;53;26;9;17;65;35;30;10;4;6
459467.056754172;5405682.69355533;536237;Zvíkov;3106;Kaplice;95;46;49;22;10;12;58;30;28;15;6;9
450629.129371636;5411112.62817762;536245;Srnín;3103;Český Krumlov;327;158;169;46;19;27;234;116;118;47;23;24
446255.181073769;5398175.95087383;536253;Bohdalovice;3103;Český Krumlov;280;155;125;52;25;27;190;109;81;38;21;17
500917.144047087;5601397.64494008;536261;Loukovec;2116;Mnichovo Hradiště;297;143;154;56;32;24;180;85;95;61;26;35
494474.988412109;5574766.6903004;536270;Luštěnice;2115;Mladá Boleslav;2154;1044;1110;417;208;209;1499;743;756;238;93;145
628516.510566387;5532967.87248724;536288;Jedlí;7113;Zábřeh;672;325;347;88;47;41;433;218;215;151;60;91
447503.123612878;5392822.33237502;536296;Malšín;3103;Český Krumlov;154;77;77;19;8;11;107;53;54;28;16;12
457212.133544669;5402283.9349512;536300;Věžovatá Pláně;3103;Český Krumlov;139;69;70;28;13;15;88;45;43;23;11;12
499382.094178646;5596779.92592735;536326;Mnichovo Hradiště;2116;Mnichovo Hradiště;8522;4178;4344;1260;639;621;5584;2851;2733;1678;688;990
494597.849864423;5577252.15934026;536334;Němčice;2115;Mladá Boleslav;195;97;98;38;23;15;126;59;67;31;15;16
428586.209174689;5444057.51372954;536342;Krajníčko;3117;Vodňany;97;46;51;19;11;8;53;23;30;25;12;13
493476.57362848;5580464.45168673;536351;Nepřevázka;2115;Mladá Boleslav;417;207;210;73;32;41;282;145;137;62;30;32
416251.173936861;5481757.46007678;536369;Hornosín;3101;Blatná;70;39;31;9;4;5;45;28;17;16;7;9
502197.305196266;5581947.67951343;536377;Nová Telib;2115;Mladá Boleslav;247;121;126;44;25;19;176;85;91;27;11;16
659208.624534864;5564716.76989457;536385;Jeseník;7102;Jeseník;11471;5511;5960;1525;756;769;7553;3781;3772;2393;974;1419
633502.204051746;5523468.10299725;536393;Jestřebí;7113;Zábřeh;626;305;321;95;46;49;426;213;213;105;46;59
505879.102446973;5589568.47174585;536407;Obruby;2115;Mladá Boleslav;247;137;110;34;19;15;164;95;69;49;23;26
429263.817888159;5445651.82205103;536415;Měkynec;3117;Vodňany;42;25;17;11;7;4;28;17;11;3;1;2
429202.128912454;5448618.16195433;536423;Radějovice;3111;Strakonice;38;20;18;6;3;3;24;14;10;8;3;5
505351.606638314;5584739.14714591;536431;Petkovy;2115;Mladá Boleslav;305;159;146;60;34;26;198;103;95;47;22;25
491092.269996673;5579319.31809559;536440;Písková Lhota;2115;Mladá Boleslav;753;374;379;137;67;70;503;261;242;113;46;67
497676.418499439;5585104.2175612;536458;Plazy;2115;Mladá Boleslav;497;257;240;81;37;44;356;196;160;60;24;36
418677.638836845;5472812.4243942;536466;Mačkov;3101;Blatná;289;102;187;40;19;21;212;68;144;37;15;22
412354.782343832;5449825.42487661;536474;Němčice;3111;Strakonice;102;54;48;8;4;4;69;37;32;25;13;12
413754.252370795;5451545.38618599;536482;Zahorčice;3111;Strakonice;62;35;27;6;4;2;37;24;13;19;7;12
484943.95284654;5567154.76670238;536491;Předměřice nad Jizerou;2115;Mladá Boleslav;722;371;351;120;71;49;486;250;236;116;50;66
411093.160357055;5443873.94299971;536504;Vacovice;3111;Strakonice;48;26;22;0;0;0;29;18;11;19;8;11
438056.826539967;5439038.14217815;536512;Truskovice;3117;Vodňany;197;96;101;39;16;23;128;68;60;30;12;18
644287.362529342;5553341.64016148;536521;Jindřichov;7111;Šumperk;1250;649;601;178;87;91;861;470;391;211;92;119
422677.093800249;5448802.39609477;536539;Milejovice;3111;Strakonice;74;36;38;9;4;5;55;28;27;10;4;6
420322.130328761;5447972.35043475;536547;Přechovice;3111;Strakonice;108;53;55;11;5;6;79;41;38;18;7;11
416391.059833162;5460815.44922164;536555;Krty-Hradec;3111;Strakonice;130;71;59;15;6;9;83;50;33;32;15;17
414449.341741906;5462181.23756443;536563;Mnichov;3111;Strakonice;233;110;123;43;18;25;146;75;71;44;17;27
646511.153681679;5525128.72829885;536571;Kamenná;7113;Zábřeh;528;268;260;66;33;33;343;183;160;119;52;67
497168.307032271;5583565.28609699;536580;Řepov;2115;Mladá Boleslav;725;349;376;122;59;63;482;234;248;121;56;65
414256.783941284;5475982.2861101;536598;Tchořovice;3101;Blatná;240;121;119;36;18;18;160;89;71;44;14;30
414964.794899926;5480046.77019107;536601;Kocelovice;3101;Blatná;151;71;80;10;5;5;91;45;46;50;21;29
500878.235254357;5579678.96447944;536610;Semčice;2115;Mladá Boleslav;735;379;356;150;88;62;497;252;245;88;39;49
413275.667770655;5465011.84994775;536628;Hlupín;3111;Strakonice;92;51;41;12;5;7;65;39;26;15;7;8
482422.048621155;5585725.54871819;536636;Skalsko;2115;Mladá Boleslav;417;190;227;73;25;48;284;141;143;60;24;36
424001.700520668;5453999.67456496;536644;Nebřehovice;3111;Strakonice;141;70;71;18;4;14;99;58;41;24;8;16
497432.653436435;5572545.05091482;536652;Smilovice;2115;Mladá Boleslav;693;346;347;96;46;50;464;238;226;133;62;71
483093.313797218;5563194.21277428;536661;Sojovice;2115;Mladá Boleslav;527;256;271;85;35;50;353;180;173;89;41;48
426077.441483688;5451515.25328985;536679;Třešovice;3111;Strakonice;78;41;37;8;5;3;53;28;25;17;8;9
645447.298628595;5521947.72193977;536687;Klopina;7106;Mohelnice;600;284;316;71;30;41;421;210;211;108;44;64
415260.968326547;5451127.87614681;536695;Úlehle;3111;Strakonice;91;47;44;8;1;7;43;26;17;40;20;20
492038.319263724;5577860.07418677;536709;Strašnov;2115;Mladá Boleslav;261;137;124;35;20;15;189;97;92;37;20;17
487253.753667272;5581590.77397449;536717;Strenice;2115;Mladá Boleslav;180;84;96;36;15;21;118;58;60;26;11;15
418356.56178536;5449849.73546072;536725;Němětice;3111;Strakonice;109;54;55;20;8;12;65;34;31;24;12;12
640029.145072367;5529607.19772186;536733;Kolšov;7113;Zábřeh;740;362;378;116;65;51;483;233;250;141;64;77
425178.698428037;5466586.34906632;536741;Velká Turná;3111;Strakonice;156;80;76;22;8;14;108;61;47;26;11;15
427781.299709788;5448500.53520097;536750;Kváskovice;3111;Strakonice;118;58;60;18;11;7;89;43;46;11;4;7
501925.65198615;5586475.09467833;536768;Sukorady;2115;Mladá Boleslav;365;184;181;53;23;30;259;138;121;53;23;30
424022.619858589;5458039.78203341;536776;Slaník;3111;Strakonice;159;86;73;29;16;13;110;61;49;20;9;11
419215.686510302;5451110.46261007;536784;Strunkovice nad Volyňkou;3111;Strakonice;126;62;64;18;13;5;85;41;44;23;8;15
419455.874517591;5452470.8680911;536792;Přední Zborovice;3111;Strakonice;90;43;47;16;8;8;57;26;31;17;9;8
436260.009202654;5445880.97544495;536806;Krašlovice;3117;Vodňany;160;77;83;19;9;10;108;55;53;33;13;20
629526.664897743;5526936.47046734;536814;Kosov;7113;Zábřeh;319;161;158;58;40;18;228;110;118;33;11;22
426172.497714476;5474516.04382304;536822;Lom;3101;Blatná;115;57;58;14;6;8;76;40;36;25;11;14
417160.064735769;5452182.46012277;536831;Libětice;3111;Strakonice;89;47;42;11;5;6;66;38;28;12;4;8
422001.135353758;5459420.21749088;536849;Řepice;3111;Strakonice;456;241;215;76;34;42;317;179;138;63;28;35
481233.018976354;5581144.42542146;536857;Velké Všelisy;2115;Mladá Boleslav;352;170;182;49;24;25;236;114;122;67;32;35
423631.898631544;5460057.90818894;536865;Rovná;3111;Strakonice;232;113;119;30;15;15;162;80;82;40;18;22
409553.878977597;5451764.16477724;536873;Zvotoky;3111;Strakonice;66;37;29;8;5;3;40;22;18;18;10;8
412011.238439806;5460384.85179167;536881;Horní Poříčí;3111;Strakonice;309;156;153;49;28;21;195;100;95;65;28;37
423850.947303702;5482006.99133702;536890;Uzeničky;3101;Blatná;119;61;58;10;6;4;77;41;36;32;14;18
422256.751471271;5478421.96492398;536903;Chobot;3101;Blatná;50;27;23;3;2;1;33;19;14;14;6;8
437492.123590775;5449101.25540892;536911;Pohorovice;3117;Vodňany;64;36;28;4;1;3;48;29;19;12;6;6
410268.052882993;5456344.81145268;536920;Štěchovice;3111;Strakonice;224;112;112;37;16;21;153;79;74;34;17;17
496334.981966288;5567239.45658303;536938;Všejany;2115;Mladá Boleslav;654;340;314;90;47;43;435;229;206;129;64;65
406713.047561636;5458195.85710741;536946;Kalenice;3111;Strakonice;87;42;45;8;3;5;57;31;26;22;8;14
406623.706608869;5454474.22086648;536954;Krejnice;3111;Strakonice;80;39;41;21;8;13;51;26;25;8;5;3
419076.002320117;5445015.40485824;536962;Nišovice;3111;Strakonice;212;106;106;35;15;20;143;75;68;34;16;18
506226.169964212;5598400.64964252;536971;Žďár;2116;Mnichovo Hradiště;1357;673;684;232;120;112;858;430;428;267;123;144
502629.355765223;5579547.26468666;536989;Žerčice;2115;Mladá Boleslav;395;214;181;64;36;28;268;150;118;63;28;35
499441.777436316;5585012.96738802;536997;Židněves;2115;Mladá Boleslav;348;178;170;70;39;31;227;117;110;51;22;29
502791.071634507;5559136.42555991;537004;Nymburk;2118;Nymburk;14979;7205;7774;2520;1310;1210;9683;4789;4894;2776;1106;1670
525137.812596524;5560259.95184666;537021;Běrunice;2119;Poděbrady;829;401;428;104;50;54;557;281;276;168;70;98
504101.2238152;5563084.68387621;537039;Bobnice;2118;Nymburk;868;417;451;176;84;92;563;284;279;129;49;80
488501.440036371;5553891.99044893;537047;Bříství;2106;Český Brod;376;197;179;57;28;29;258;143;115;61;26;35
507732.312519714;5560762.91748148;537055;Budiměřice;2118;Nymburk;641;332;309;113;60;53;420;224;196;108;48;60
415681.188009262;5468650.56497103;537063;Bratronice;3101;Blatná;53;27;26;6;2;4;38;23;15;9;2;7
426317.610721925;5438732.85080952;537071;Lipovice;3109;Prachatice;199;95;104;31;17;14;128;58;70;40;20;20
514851.131391157;5564259.24724172;537080;Činěves;2119;Poděbrady;515;256;259;60;32;28;341;174;167;114;50;64
521722.586983941;5558168.29071717;537098;Dlouhopolsko;2119;Poděbrady;213;105;108;17;10;7;144;74;70;52;21;31
518883.979217878;5554029.54774335;537101;Dobšice;2119;Poděbrady;236;117;119;47;30;17;149;69;80;40;18;22
500642.288965259;5562205.48456082;537110;Dvory;2118;Nymburk;562;272;290;86;38;48;373;186;187;103;48;55
513933.491211307;5567048.80146992;537128;Dymokury;2119;Poděbrady;873;440;433;146;79;67;574;300;274;153;61;92
420730.470697263;5429596.24059112;537136;Kratušín;3109;Prachatice;47;25;22;1;1;0;29;16;13;17;8;9
422975.860513731;5432673.69281941;537144;Dvory;3109;Prachatice;85;38;47;14;3;11;55;29;26;16;6;10
502858.126384668;5555388.88554757;537152;Hořátev;2118;Nymburk;769;390;379;118;64;54;516;263;253;135;63;72
519698.419935641;5556163.26446791;537161;Hradčany;2119;Poděbrady;253;125;128;33;19;14;164;81;83;56;25;31
494777.934373823;5554715.99261537;537179;Hradištko;2118;Nymburk;584;299;285;96;57;39;379;194;185;109;48;61
419693.781865564;5430922.37356556;537187;Drslavice;3109;Prachatice;86;50;36;11;9;2;55;28;27;20;13;7
422641.856162872;5430523.28351049;537195;Zábrdí;3109;Prachatice;67;34;33;10;5;5;40;22;18;17;7;10
430059.38051511;5430979.10739737;537209;Žernovice;3109;Prachatice;286;152;134;49;24;25;206;115;91;31;13;18
511537.125174488;5554797.64938579;537217;Choťánky;2119;Poděbrady;426;215;211;59;32;27;281;143;138;86;40;46
518339.247353744;5569224.47325183;537225;Chotěšice;2119;Poděbrady;307;160;147;28;15;13;204;110;94;75;35;40
492247.208087463;5551843.52450829;537233;Chrást;2118;Nymburk;524;258;266;96;45;51;329;179;150;99;34;65
443950.534389083;5430937.33498904;537241;Babice;3109;Prachatice;108;48;60;29;11;18;69;34;35;10;3;7
503931.272695629;5567529.07484962;537250;Jíkev;2118;Nymburk;329;165;164;51;26;25;194;100;94;84;39;45
499485.887248224;5567114.15694396;537268;Jizbice;2118;Nymburk;357;184;173;56;35;21;234;121;113;67;28;39
499857.393910999;5560325.10323719;537276;Kamenné Zboží;2118;Nymburk;563;293;270;93;54;39;372;196;176;98;43;55
639721.222130149;5527064.47018323;537284;Lesnice;7113;Zábřeh;652;331;321;106;58;48;432;221;211;114;52;62
524363.124196633;5567707.3699882;537292;Kněžice;2119;Poděbrady;494;229;265;62;23;39;333;171;162;99;35;64
517358.678607604;5556215.5624192;537306;Kolaje;2119;Poděbrady;90;40;50;14;6;8;51;25;26;25;9;16
501603.286622855;5552902.71806492;537314;Kostelní Lhota;2118;Nymburk;847;430;417;128;71;57;561;292;269;158;67;91
441772.279025966;5430863.73976674;537322;Lužice;3109;Prachatice;38;21;17;4;1;3;27;15;12;7;5;2
496392.782474543;5560143.2891768;537331;Kostomlaty nad Labem;2118;Nymburk;1848;924;924;316;171;145;1225;621;604;307;132;175
509278.122423204;5574733.75470597;537349;Košík;2118;Nymburk;369;179;190;52;29;23;247;118;129;70;32;38
489693.958494625;5551179.57327661;537357;Kounice;2106;Český Brod;1346;640;706;293;143;150;827;408;419;226;89;137
444357.443055826;5434275.55113408;537365;Olšovice;3109;Prachatice;61;31;30;10;3;7;41;22;19;10;6;4
505102.876052604;5556514.80061586;537373;Kovanice;2118;Nymburk;846;413;433;133;70;63;573;283;290;140;60;80
445534.180488599;5432854.22488845;537381;Mahouš;3109;Prachatice;155;87;68;32;19;13;104;58;46;19;10;9
501377.138002628;5565516.21685137;537390;Krchleby;2118;Nymburk;741;364;377;102;49;53;495;255;240;144;60;84
508237.321594984;5558835.68838371;537403;Křečkov;2119;Poděbrady;361;180;181;62;36;26;235;115;120;64;29;35
509680.888428441;5568809.76281157;537411;Křinec;2118;Nymburk;1287;652;635;174;96;78;869;446;423;244;110;134
444118.982906733;5428973.02983912;537420;Chvalovice;3109;Prachatice;172;89;83;20;11;9;125;64;61;27;14;13
512663.861776164;5552128.97458675;537438;Libice nad Cidlinou;2119;Poděbrady;1277;615;662;176;76;100;808;420;388;293;119;174
501867.840426302;5569956.53086512;537446;Loučeň;2118;Nymburk;1300;637;663;197;92;105;847;434;413;256;111;145
487598.866662076;5560720.25552072;537454;Lysá nad Labem;2113;Lysá nad Labem;9334;4558;4776;1660;852;808;6024;3021;3003;1650;685;965
504862.737043551;5572012.85522162;537462;Mcely;2118;Nymburk;375;188;187;49;22;27;236;120;116;90;46;44
520642.27197917;5562090.29050065;537489;Městec Králové;2119;Poděbrady;2910;1417;1493;445;232;213;1887;939;948;578;246;332
498716.443563637;5550779.95205843;537497;Milčice;2118;Nymburk;304;156;148;49;30;19;190;94;96;65;32;33
491365.010432052;5564634.71525389;537501;Milovice;2113;Lysá nad Labem;10832;5281;5551;2754;1408;1346;7420;3615;3805;658;258;400
415573.155537844;5429847.28088769;537519;Buk;3116;Vimperk;298;151;147;63;39;24;183;89;94;52;23;29
425213.268638069;5442666.12207504;537527;Bohunice;3109;Prachatice;40;20;20;2;0;2;21;11;10;17;9;8
424198.466148592;5439435.89801633;537535;Újezdec;3109;Prachatice;81;48;33;16;12;4;51;28;23;14;8;6
422616.14275668;5433959.98939595;537543;Pěčnov;3109;Prachatice;142;76;66;36;17;19;100;54;46;6;5;1
514617.405507432;5555363.07765032;537551;Odřepsy;2119;Poděbrady;317;163;154;39;18;21;211;116;95;67;29;38
513424.455440012;5557503.43685723;537560;Okřínek;2119;Poděbrady;175;94;81;20;10;10;119;70;49;36;14;22
519094.426527984;5557999.59136141;537578;Opočnice;2119;Poděbrady;448;225;223;64;31;33;274;144;130;110;50;60
515426.647456176;5553025.39168057;537586;Opolany;2119;Poděbrady;893;447;446;146;82;64;560;283;277;187;82;105
508838.771783506;5467843.23062614;537594;Střítež;6110;Pelhřimov;100;50;50;14;6;8;57;30;27;29;14;15
511392.90454322;5469806.30913241;537608;Ústrašín;6110;Pelhřimov;237;122;115;46;26;20;147;76;71;44;20;24
506303.744595541;5565302.10074036;537616;Oskořínek;2118;Nymburk;537;267;270;69;40;29;367;182;185;101;45;56
492473.036219723;5558669.67855886;537624;Ostrá;2113;Lysá nad Labem;544;276;268;97;46;51;364;185;179;83;45;38
511152.6058822;5557452.44131492;537632;Pátek;2119;Poděbrady;671;356;315;110;56;54;448;250;198;113;50;63
501492.595736481;5549561.86054242;537641;Pečky;2110;Kolín;4634;2286;2348;795;416;379;2904;1481;1423;935;389;546
504619.780350034;5553250.83249278;537659;Písková Lhota;2119;Poděbrady;429;202;227;50;22;28;293;147;146;86;33;53
499796.048637806;5556859.19927422;537667;Písty;2118;Nymburk;419;217;202;65;36;29;272;140;132;82;41;41
510084.793433172;5548115.72815198;537675;Pňov-Předhradí;2110;Kolín;544;271;273;70;33;37;347;184;163;127;54;73
508337.800314718;5554392.98079381;537683;Poděbrady;2119;Poděbrady;14219;6826;7393;2217;1147;1070;9023;4444;4579;2979;1235;1744
513266.01444275;5471402.59477499;537691;Ondřejov;6110;Pelhřimov;153;88;65;23;16;7;99;56;43;31;16;15
494474.486726023;5550821.87570393;537705;Poříčany;2106;Český Brod;1515;740;775;282;127;155;945;483;462;288;130;158
638466.821320466;5525575.73496482;537713;Leština;7113;Zábřeh;1259;627;632;188;102;86;826;415;411;245;110;135
487671.810100789;5556724.04691619;537721;Přerov nad Labem;2113;Lysá nad Labem;1240;637;603;217;116;101;836;434;402;187;87;100
507364.377158589;5478596.98972206;537730;Útěchovičky;6110;Pelhřimov;72;41;31;11;8;3;44;27;17;17;6;11
504519.018886942;5548892.78961255;537748;Ratenice;2110;Kolín;620;332;288;121;79;42;425;216;209;74;37;37
512656.943699278;5572876.2186025;537756;Rožďalovice;2118;Nymburk;1615;781;834;249;126;123;1000;506;494;366;149;217
498394.390041903;5554413.55142502;537764;Sadská;2118;Nymburk;3304;1611;1693;547;260;287;2189;1110;1079;568;241;327
517390.777554079;5551535.27611022;537772;Sány;2119;Poděbrady;504;246;258;64;27;37;330;168;162;110;51;59
491217.90689254;5556525.25105721;537781;Semice;2113;Lysá nad Labem;1149;585;564;170;84;86;814;422;392;165;79;86
514144.534232569;5559084.34858445;537799;Senice;2119;Poděbrady;201;96;105;34;16;18;122;62;60;45;18;27
524605.557844894;5564244.71476834;537802;Sloveč;2119;Poděbrady;515;257;258;67;25;42;322;173;149;126;59;67
507331.42660022;5549758.41805593;537811;Sokoleč;2119;Poděbrady;948;486;462;131;68;63;611;330;281;206;88;118
524015.091601063;5494280.09878779;537829;Proseč;6103;Humpolec;78;40;38;5;3;2;49;25;24;24;12;12
485766.568688239;5564071.05123122;537837;Stará Lysá;2113;Lysá nad Labem;692;330;362;112;55;57;500;239;261;80;36;44
346805.255282755;5557294.53181086;537845;Teplička;4103;Karlovy Vary;124;62;62;24;8;16;75;41;34;25;13;12
497503.070001854;5564885.81632937;537853;Straky;2118;Nymburk;551;275;276;99;42;57;349;192;157;103;41;62
493347.667150053;5560973.62082469;537861;Stratov;2113;Lysá nad Labem;565;285;280;111;52;59;371;195;176;83;38;45
347555.936121669;5562442.03650712;537870;Březová;4103;Karlovy Vary;538;253;285;78;36;42;362;176;186;98;41;57
498392.662006824;5548925.973572;537888;Tatce;2110;Kolín;625;299;326;96;46;50;410;202;208;119;51;68
497132.221852937;5551994.54955231;537896;Třebestovice;2118;Nymburk;867;399;468;152;72;80;572;266;306;143;61;82
512828.988331661;5560867.99333121;537900;Úmyslovice;2119;Poděbrady;323;167;156;53;26;27;215;117;98;55;24;31
350683.403401684;5568573.59161142;537918;Dalovice;4103;Karlovy Vary;1989;987;1002;321;167;154;1312;666;646;356;154;202
342976.31121096;5565987.57040712;537926;Jenišov;4103;Karlovy Vary;958;471;487;213;104;109;643;325;318;102;42;60
341086.288328812;5567343.7441444;537934;Mírová;4103;Karlovy Vary;324;174;150;56;33;23;213;114;99;55;27;28
510147.47621996;5564544.18820988;537942;Vestec;2118;Nymburk;306;152;154;54;22;32;199;108;91;53;22;31
515457.306270074;5556335.36664855;537951;Vlkov pod Oškobrhem;2119;Poděbrady;74;39;35;7;3;4;44;28;16;23;8;15
348202.237319964;5569599.44521802;537969;Otovice;4103;Karlovy Vary;837;418;419;151;75;76;561;287;274;125;56;69
504750.086889823;5550949.58509726;537977;Vrbová Lhota;2119;Poděbrady;490;253;237;92;46;46;334;178;156;64;29;35
501995.108108763;5563683.88008936;537985;Všechlapy;2118;Nymburk;698;337;361;115;57;58;465;223;242;118;57;61
486624.434924115;5552264.09830335;537993;Vykáň;2106;Český Brod;394;199;195;62;31;31;290;147;143;42;21;21
354293.175434809;5563521.69107792;538001;Andělská Hora;4103;Karlovy Vary;333;169;164;54;26;28;219;112;107;60;31;29
337581.28366542;5573073.36993665;538019;Černava;4103;Karlovy Vary;296;157;139;40;12;28;207;113;94;49;32;17
341384.16206769;5573842.55551784;538027;Smolné Pece;4103;Karlovy Vary;178;92;86;29;14;15;124;68;56;25;10;15
521441.149884909;5554293.23302801;538035;Žehuň;2110;Kolín;435;211;224;52;25;27;286;144;142;97;42;55
480093.849855252;5539314.67489037;538043;Babice;2122;Říčany;1034;522;512;267;136;131;671;332;339;96;54;42
462276.587749948;5561694.4870626;538051;Bašť;2103;Brandýs nad Labem-Stará Boleslav;2126;1101;1025;485;260;225;1466;761;705;175;80;95
463153.689460866;5558781.03674177;538086;Bořanovice;2103;Brandýs nad Labem-Stará Boleslav;809;388;421;153;87;66;526;255;271;130;46;84
475554.121127254;5559840.21462039;538094;Brandýs nad Labem-Stará Boleslav;2103;Brandýs nad Labem-Stará Boleslav;18249;8966;9283;3109;1611;1498;12143;6073;6070;2997;1282;1715
470672.9458334;5559336.99991607;538108;Brázdim;2103;Brandýs nad Labem-Stará Boleslav;655;315;340;107;46;61;446;232;214;102;37;65
344874.092911117;5573030.39307549;538116;Děpoltovice;4103;Karlovy Vary;384;200;184;44;25;19;276;142;134;64;33;31
482974.960330532;5556298.19064481;538132;Čelákovice;2103;Brandýs nad Labem-Stará Boleslav;12029;5879;6150;2232;1131;1101;7738;3883;3855;2059;865;1194
470280.329390334;5538930.08650479;538141;Čestlice;2122;Říčany;630;316;314;116;59;57;420;213;207;94;44;50
351540.564145247;5572181.50416698;538159;Hájek;4106;Ostrov;616;329;287;120;69;51;438;233;205;58;27;31
469846.404088053;5536616.46454555;538167;Dobřejovice;2122;Říčany;1110;555;555;201;94;107;766;397;369;143;64;79
365326.472783565;5511514.66185709;538183;Kbelany;3208;Nýřany;96;42;54;10;4;6;70;33;37;16;5;11
473707.751418326;5557052.02224933;538191;Dřevčice;2103;Brandýs nad Labem-Stará Boleslav;767;380;387;156;88;68;527;265;262;84;27;57
481224.921412239;5550511.2728025;538221;Horoušany;2103;Brandýs nad Labem-Stará Boleslav;1254;635;619;278;154;124;844;419;425;132;62;70
465585.250176048;5558806.2049259;538230;Hovorčovice;2103;Brandýs nad Labem-Stará Boleslav;2292;1165;1127;468;263;205;1510;772;738;314;130;184
481142.776082865;5529061.47420242;538248;Hrusice;2122;Říčany;801;402;399;184;99;85;497;244;253;120;59;61
455028.818960225;5558344.78703952;538256;Husinec;2103;Brandýs nad Labem-Stará Boleslav;1416;679;737;317;158;159;862;410;452;237;111;126
472980.911748756;5555077.5349745;538264;Jenštejn;2103;Brandýs nad Labem-Stará Boleslav;1147;553;594;310;145;165;735;364;371;102;44;58
478500.175948652;5551453.06279439;538272;Jirny;2103;Brandýs nad Labem-Stará Boleslav;2681;1319;1362;596;329;267;1732;837;895;353;153;200
482974.909284991;5525949.58286955;538281;Kaliště;2122;Říčany;269;144;125;53;33;20;178;94;84;38;17;21
470400.753255263;5527484.42917711;538299;Kamenice;2122;Říčany;4396;2147;2249;909;476;433;2827;1381;1446;660;290;370
458225.836394318;5559212.99169356;538311;Klecany;2103;Brandýs nad Labem-Stará Boleslav;3272;1639;1633;694;362;332;2156;1099;1057;422;178;244
459238.239666509;5561064.03100606;538329;Klíčany;2103;Brandýs nad Labem-Stará Boleslav;420;213;207;81;43;38;284;149;135;55;21;34
342419.06447063;5552946.20848511;538337;Krásno;4107;Sokolov;708;365;343;126;69;57;473;252;221;109;44;65
464686.928562127;5565220.73710262;538345;Kojetice;2117;Neratovice;785;388;397;147;70;77;498;259;239;140;59;81
467791.746826901;5528380.967371;538370;Kostelec u Křížků;2122;Říčany;662;320;342;121;68;53;444;210;234;97;42;55
327139.619433538;5556034.13078667;538396;Šabina;4107;Sokolov;298;153;145;35;17;18;217;119;98;46;17;29
470437.681388479;5531640.91391908;538418;Křížkový Újezdec;2122;Říčany;215;105;110;38;22;16;150;73;77;27;10;17
476732.744659681;5530507.48801144;538426;Kunice;2122;Říčany;1397;693;704;330;172;158;912;456;456;155;65;90
329587.703935075;5562564.7833617;538434;Svatava;4107;Sokolov;1649;828;821;259;136;123;1127;579;548;263;113;150
464053.646115698;5560515.69377171;538442;Líbeznice;2103;Brandýs nad Labem-Stará Boleslav;2602;1292;1310;617;335;282;1688;834;854;297;123;174
483126.617149658;5536254.27711545;538451;Louňovice;2122;Říčany;1052;524;528;228;126;102;675;324;351;149;74;75
455356.063589311;5562204.11721061;538469;Máslovice;2103;Brandýs nad Labem-Stará Boleslav;344;174;170;49;27;22;234;118;116;61;29;32
466021.84305639;5560945.47273519;538477;Měšice;2103;Brandýs nad Labem-Stará Boleslav;1864;905;959;400;191;209;1235;621;614;229;93;136
479238.84554618;5528828.22308015;538485;Mirošovice;2122;Říčany;1249;636;613;204;101;103;845;453;392;200;82;118
479799.103171561;5531676.90321891;538493;Mnichovice;2122;Říčany;3524;1742;1782;795;399;396;2194;1094;1100;535;249;286
485410.368346977;5554374.908276;538507;Mochov;2103;Brandýs nad Labem-Stará Boleslav;1325;661;664;235;122;113;933;468;465;157;71;86
467990.427838181;5561624.37562679;538515;Mratín;2103;Brandýs nad Labem-Stará Boleslav;1321;664;657;299;149;150;883;459;424;139;56;83
481953.471994152;5537964.54945044;538523;Mukařov;2122;Říčany;2348;1176;1172;510;282;228;1459;736;723;379;158;221
480842.911998051;5553221.42656702;538540;Nehvizdy;2103;Brandýs nad Labem-Stará Boleslav;2602;1265;1337;679;324;355;1734;854;880;189;87;102
466949.578307784;5562707.68994209;538558;Nová Ves;2103;Brandýs nad Labem-Stará Boleslav;1108;515;593;265;124;141;780;365;415;63;26;37
479179.611287519;5558769.53626468;538566;Nový Vestec;2103;Brandýs nad Labem-Stará Boleslav;417;207;210;50;26;24;283;147;136;84;34;50
458195.910646757;5565049.39028314;538574;Odolena Voda;2103;Brandýs nad Labem-Stará Boleslav;5815;2835;2980;1086;542;544;3871;1940;1931;858;353;505
483812.926784017;5528730.60226938;538582;Ondřejov;2122;Říčany;1592;799;793;345;177;168;980;502;478;267;120;147
332369.464004005;5558878.64485456;538591;Dolní Rychnov;4107;Sokolov;1365;701;664;254;139;115;929;478;451;182;84;98
460508.827514066;5562931.33230865;538604;Panenské Břežany;2103;Brandýs nad Labem-Stará Boleslav;590;304;286;105;60;45;390;199;191;95;45;50
472742.129050182;5530943.00678906;538612;Petříkov;2122;Říčany;540;275;265;119;55;64;351;185;166;70;35;35
471365.785728332;5556999.05361542;538621;Podolanka;2103;Brandýs nad Labem-Stará Boleslav;532;270;262;71;35;36;366;190;176;95;45;50
471562.255926655;5561124.85520964;538639;Polerady;2103;Brandýs nad Labem-Stará Boleslav;211;97;114;35;18;17;151;66;85;25;13;12
456208.002508748;5564870.31654407;538647;Postřižín;2111;Kralupy nad Vltavou;1009;481;528;234;108;126;682;340;342;93;33;60
462831.282601273;5564222.05895838;538655;Předboj;2103;Brandýs nad Labem-Stará Boleslav;911;432;479;225;107;118;600;289;311;86;36;50
335473.126340048;5572016.80650112;538663;Tatrovice;4107;Sokolov;183;93;90;33;17;16;128;63;65;22;13;9
469698.6600502;5556722.01036583;538671;Přezletice;2103;Brandýs nad Labem-Stará Boleslav;1406;708;698;284;157;127;903;451;452;219;100;119
476899.975017155;5525862.17193875;538680;Pyšely;2101;Benešov;1851;887;964;407;207;200;1149;564;585;295;116;179
468745.368104168;5532743.26942734;538698;Radějovice;2122;Říčany;392;198;194;67;34;33;275;138;137;50;26;24
472186.691528998;5553916.26682216;538701;Radonice;2103;Brandýs nad Labem-Stará Boleslav;931;447;484;188;91;97;622;297;325;121;59;62
473291.274845972;5524396.11620637;538710;Řehenice;2101;Benešov;422;218;204;43;20;23;299;160;139;80;38;42
475430.336136437;5537339.37400407;538728;Říčany;2122;Říčany;15027;7259;7768;3028;1548;1480;9577;4695;4882;2422;1016;1406
694541.951564918;5451331.88990601;538744;Březnice;7213;Zlín;1274;622;652;225;97;128;816;427;389;233;98;135
480129.079723659;5526763.9599148;538752;Senohraby;2122;Říčany;1191;579;612;235;111;124;744;368;376;212;100;112
475559.552993509;5544550.05344271;538761;Sibřina;2103;Brandýs nad Labem-Stará Boleslav;827;403;424;191;84;107;539;271;268;97;48;49
468738.225847918;5560311.08204905;538779;Sluhy;2103;Brandýs nad Labem-Stará Boleslav;678;334;344;96;47;49;455;233;222;127;54;73
477718.348731925;5542764.52445249;538787;Sluštice;2122;Říčany;429;217;212;69;30;39;293;153;140;67;34;33
296472.402667634;5570196.97160791;538795;Krásná;4101;Aš;549;295;254;90;52;38;387;210;177;72;33;39
474913.55952356;5533230.50126085;538809;Strančice;2122;Říčany;2251;1106;1145;461;235;226;1466;732;734;324;139;185
300462.934164391;5570775.07323331;538817;Podhradí;4101;Aš;197;104;93;26;17;9;147;75;72;24;12;12
482028.423788774;5533476.85477338;538825;Struhařov;2122;Říčany;744;374;370;141;69;72;494;259;235;109;46;63
468005.216043651;5530260.45370161;538833;Sulice;2122;Říčany;1714;825;889;380;178;202;1150;561;589;184;86;98
475975.843191797;5535317.65734624;538841;Světice;2122;Říčany;1144;575;569;230;132;98;780;383;397;134;60;74
481524.62879597;5535369.45159307;538850;Svojetice;2122;Říčany;971;477;494;214;115;99;620;303;317;137;59;78
305490.685312564;5550557.06129989;538868;Pomezí nad Ohří;4102;Cheb;223;117;106;40;18;22;164;91;73;19;8;11
476776.96125024;5551136.26435918;538876;Šestajovice;2103;Brandýs nad Labem-Stará Boleslav;3491;1689;1802;858;443;415;2284;1087;1197;349;159;190
480686.488971023;5543216.11162215;538884;Škvorec;2103;Brandýs nad Labem-Stará Boleslav;1623;807;816;382;205;177;1001;496;505;240;106;134
478802.581231992;5535705.60057604;538892;Tehov;2122;Říčany;879;424;455;222;105;117;563;273;290;94;46;48
324122.893631065;5548651.76586107;538906;Milíkov;4102;Cheb;272;145;127;41;19;22;180;98;82;51;28;23
479576.8162645;5556893.12533328;538914;Lázně Toušeň;2103;Brandýs nad Labem-Stará Boleslav;1363;688;675;269;148;121;871;448;423;223;92;131
320415.971960547;5548677.05271691;538922;Okrouhlá;4102;Cheb;244;126;118;35;21;14;175;90;85;34;15;19
480124.712950209;5547179.48257009;538957;Úvaly;2103;Brandýs nad Labem-Stará Boleslav;6502;3164;3338;1337;673;664;4077;2038;2039;1088;453;635
467898.826872867;5558176.10441623;538965;Veleň;2103;Brandýs nad Labem-Stará Boleslav;1258;625;633;245;130;115;858;429;429;155;66;89
460925.962145743;5565560.22815462;538973;Veliká Ves;2103;Brandýs nad Labem-Stará Boleslav;295;136;159;55;19;36;205;101;104;35;16;19
474280.98960207;5528182.1076865;538981;Velké Popovice;2122;Říčany;2778;1338;1440;627;309;318;1758;862;896;393;167;226
455939.291649931;5560198.85904233;538990;Větrušice;2103;Brandýs nad Labem-Stará Boleslav;618;286;332;116;49;67;434;213;221;68;24;44
457362.169401782;5562040.49284313;539015;Vodochody;2103;Brandýs nad Labem-Stará Boleslav;537;278;259;89;48;41;369;198;171;79;32;47
314790.996042343;5556138.85136685;539023;Třebeň;4102;Cheb;403;209;194;60;31;29;293;149;144;50;29;21
477484.955535477;5533919.14238046;539031;Všestary;2122;Říčany;806;409;397;176;81;95;522;276;246;108;52;56
483692.945773193;5552124.46186322;539040;Vyšehořovice;2103;Brandýs nad Labem-Stará Boleslav;604;291;313;106;46;60;407;204;203;91;41;50
459508.69739177;5557024.38151169;539058;Zdiby;2103;Brandýs nad Labem-Stará Boleslav;3327;1682;1645;811;407;404;2160;1106;1054;356;169;187
476958.989575811;5554087.53504668;539066;Zeleneč;2103;Brandýs nad Labem-Stará Boleslav;3141;1539;1602;821;410;411;2013;992;1021;307;137;170
308301.542171154;5559634.38899104;539074;Vojtanov;4102;Cheb;211;114;97;30;10;20;146;86;60;35;18;17
464916.415082737;5563042.65668692;539082;Zlonín;2103;Brandýs nad Labem-Stará Boleslav;461;232;229;87;42;45;328;170;158;46;20;26
484004.73648927;5531747.69583296;539091;Zvánovice;2122;Říčany;521;250;271;93;49;44;336;163;173;92;38;54
452076.446098776;5520755.72870879;539104;Bojanovice;2105;Černošice;445;245;200;72;39;33;294;168;126;79;38;41
324054.145474285;5537751.60285729;539112;Stará Voda;4105;Mariánské Lázně;469;252;217;82;42;40;321;179;142;66;31;35
449924.542416679;5529119.80513749;539121;Černolice;2105;Černošice;414;220;194;101;57;44;258;134;124;55;29;26
451093.410857474;5533846.20083742;539139;Černošice;2105;Černošice;6914;3382;3532;1450;746;704;4226;2064;2162;1238;572;666
446267.727852517;5555878.96257205;539147;Číčovice;2105;Černošice;284;152;132;41;23;18;194;105;89;49;24;25
451264.998987726;5523762.53195592;539155;Čisovice;2105;Černošice;1034;514;520;182;82;100;653;342;311;199;90;109
455710.91164356;5526606.42628267;539163;Davle;2105;Černošice;1594;781;813;320;167;153;977;478;499;297;136;161
444346.015135186;5551058.03888757;539171;Dobrovíz;2105;Černošice;537;273;264;89;47;42;353;182;171;95;44;51
447031.160135867;5540396.17967866;539180;Dobříč;2105;Černošice;314;154;160;56;23;33;208;111;97;50;20;30
448146.318091359;5530192.83094866;539198;Dobřichovice;2105;Černošice;3488;1729;1759;653;359;294;2241;1100;1141;594;270;324
452548.065943567;5563213.54352124;539201;Dolany;2111;Kralupy nad Vltavou;846;412;434;151;74;77;565;286;279;130;52;78
459408.088992794;5534315.06932827;539210;Dolní Břežany;2105;Černošice;3885;1954;1931;982;532;450;2477;1217;1260;426;205;221
449632.034124531;5560469.53251666;539228;Holubice;2105;Černošice;1788;843;945;422;203;219;1212;575;637;154;65;89
452683.308333962;5553150.16992124;539236;Horoměřice;2105;Černošice;3928;1903;2025;816;401;415;2637;1286;1351;475;216;259
445905.774933962;5547792.8518598;539244;Hostivice;2105;Černošice;8109;3888;4221;1575;830;745;5407;2595;2812;1127;463;664
458565.605302161;5523807.8028301;539252;Hradištko;2105;Černošice;2019;985;1034;381;182;199;1257;635;622;381;168;213
454307.293044463;5524976.94526003;539261;Hvozdnice;2105;Černošice;481;235;246;87;39;48;282;139;143;112;57;55
332337.027596449;5536686.05127768;539279;Velká Hleďsebe;4105;Mariánské Lázně;2215;1090;1125;312;162;150;1502;753;749;401;175;226
448714.089336422;5537426.91138903;539287;Choteč;2105;Černošice;384;184;200;85;40;45;244;121;123;55;23;32
446637.107478997;5544192.35924998;539295;Chrášťany;2105;Černošice;887;423;464;165;79;86;593;288;305;129;56;73
443913.628987263;5545701.99792828;539309;Chýně;2105;Černošice;2521;1233;1288;699;355;344;1621;789;832;201;89;112
442937.113223319;5548415.0762381;539317;Jeneč;2105;Černošice;1236;605;631;194;103;91;844;425;419;198;77;121
466491.637316371;5535566.40293883;539325;Jesenice;2105;Černošice;8673;4184;4489;2182;1128;1054;5730;2716;3014;761;340;421
463124.447710095;5526477.7507165;539333;Jílové u Prahy;2105;Černošice;4571;2245;2326;860;437;423;3016;1503;1513;695;305;390
452946.90868169;5530954.34508467;539341;Jíloviště;2105;Černošice;633;331;302;63;38;25;452;241;211;118;52;66
447258.975467808;5542313.82467508;539350;Jinočany;2105;Černošice;1795;852;943;414;214;200;1192;565;627;189;73;116
464155.555753014;5523432.65909602;539368;Kamenný Přívoz;2105;Černošice;1364;693;671;213;119;94;888;454;434;263;120;143
338182.525126932;5535015.89791448;539376;Vlkovice;4105;Mariánské Lázně;121;57;64;19;11;8;75;36;39;27;10;17
446778.864775129;5552017.14447718;539384;Kněževes;2105;Černošice;591;297;294;90;46;44;398;201;197;103;50;53
451440.855352975;5537123.86474569;539392;Kosoř;2105;Černošice;899;438;461;161;77;84;609;313;296;129;48;81
446073.347322943;5530478.94569769;539406;Lety;2105;Černošice;1491;719;772;359;179;180;906;443;463;226;97;129
453992.367245173;5560381.53340676;539414;Libčice nad Vltavou;2105;Černošice;3335;1642;1693;589;306;283;2179;1082;1097;567;254;313
462594.820075701;5530927.96131041;539422;Libeř;2105;Černošice;1353;672;681;263;151;112;936;450;486;154;71;83
338427.465876823;5537846.96847468;539431;Zádub-Závišín;4105;Mariánské Lázně;332;181;151;49;30;19;216;112;104;67;39;28
451345.54709852;5526472.6846788;539457;Líšnice;2105;Černošice;682;358;324;114;56;58;450;241;209;118;61;57
340922.040570758;5536319.10128379;539473;Ovesné Kladruby;4105;Mariánské Lázně;121;63;58;15;7;8;88;46;42;18;10;8
332051.994381655;5539259.94582817;539481;Valy;4105;Mariánské Lázně;458;231;227;70;46;24;313;152;161;75;33;42
456008.54863497;5528432.54044664;539490;Měchenice;2105;Černošice;787;384;403;119;61;58;497;245;252;171;78;93
458953.663868968;5532688.00349418;539503;Ohrobec;2105;Černošice;1246;626;620;237;131;106;832;413;419;177;82;95
460017.469232302;5529067.58864631;539511;Okrouhlo;2105;Černošice;674;361;313;102;62;40;461;243;218;111;56;55
449910.994900138;5539992.22375906;539520;Ořech;2105;Černošice;959;472;487;174;106;68;643;310;333;142;56;86
336589.05465262;5546700.36642022;539538;Prameny;4105;Mariánské Lázně;117;69;48;12;8;4;92;54;38;13;7;6
459856.99269211;5526490.18179503;539546;Petrov;2105;Černošice;656;349;307;122;64;58;405;223;182;129;62;67
319973.680228276;5552696.64227842;539554;Odrava;4102;Cheb;239;124;115;39;18;21;162;87;75;38;19;19
465808.011015829;5526659.18736978;539562;Pohoří;2105;Černošice;373;192;181;68;24;44;251;143;108;54;25;29
467842.840394499;5538564.77191394;539571;Průhonice;2105;Černošice;2781;1360;1421;505;271;234;1818;883;935;458;206;252
465317.86621149;5531977.14746511;539597;Psáry;2105;Černošice;3751;1831;1920;741;362;379;2563;1260;1303;447;209;238
321850.896633885;5551368.99719844;539619;Tuřany;4102;Cheb;135;70;65;24;13;11;83;43;40;28;14;14
455844.173982509;5556597.58275456;539627;Roztoky;2105;Černošice;8208;4010;4198;1732;877;855;5116;2572;2544;1360;561;799
444835.773701228;5528114.88546762;539643;Řevnice;2105;Černošice;3366;1638;1728;621;313;308;1997;1003;994;748;322;426
448825.064439488;5527442.09600003;539651;Řitka;2105;Černošice;1149;554;595;228;123;105;782;372;410;139;59;80
456356.116438821;5518999.58399743;539660;Slapy;2105;Černošice;839;418;421;129;73;56;534;277;257;176;68;108
451458.248987541;5554851.11353329;539686;Statenice;2105;Černošice;1411;716;695;269;144;125;963;486;477;179;86;93
445810.167147456;5553545.82934196;539708;Středokluky;2105;Černošice;1081;538;543;186;88;98;696;355;341;199;95;104
395325.34745675;5486972.49170722;539716;Měcholupy;3207;Nepomuk;234;115;119;34;17;17;156;80;76;44;18;26
457410.719778207;5521734.17219472;539732;Štěchovice;2105;Černošice;1960;955;1005;374;189;185;1248;619;629;338;147;191
386941.531406785;5500836.73207012;539741;Štěnovický Borek;3209;Plzeň;550;272;278;116;52;64;348;177;171;86;43;43
449231.694187688;5535736.58353522;539759;Třebotov;2105;Černošice;1431;702;729;294;142;152;907;448;459;230;112;118
448692.922732621;5553566.14255082;539767;Tuchoměřice;2105;Černošice;1487;736;751;315;155;160;959;485;474;213;96;117
451939.3493082;5560254.71755989;539775;Tursko;2105;Černošice;805;383;422;153;69;84;539;273;266;113;41;72
375237.177927356;5493622.97428665;539783;Oplot;3210;Přeštice;323;174;149;41;25;16;223;126;97;59;23;36
453903.264402606;5555675.22773978;539805;Únětice;2105;Černošice;706;350;356;155;82;73;450;220;230;101;48;53
450843.548856319;5556529.6961373;539813;Velké Přílepy;2105;Černošice;3358;1616;1742;851;435;416;2225;1068;1157;282;113;169
378805.194862007;5497231.1832921;539821;Horní Lukavice;3210;Přeštice;416;211;205;62;33;29;269;142;127;85;36;49
448421.562941513;5533474.93588563;539830;Vonoklasy;2105;Černošice;524;259;265;101;52;49;349;170;179;74;37;37
455639.989988426;5530874.94320611;539848;Vrané nad Vltavou;2105;Černošice;2522;1212;1310;488;223;265;1618;795;823;416;194;222
450447.890260482;5531166.88243468;539856;Všenory;2105;Černošice;1615;800;815;268;146;122;1013;509;504;334;145;189
448435.89727592;5540051.48876105;539872;Zbuzany;2105;Černošice;1296;724;572;201;104;97;950;557;393;145;63;82
462771.547561072;5534725.57368869;539881;Zlatníky-Hodkovice;2105;Černošice;1275;635;640;201;97;104;918;470;448;156;68;88
457980.249388848;5531245.58333843;539902;Zvole;2105;Černošice;1798;904;894;367;193;174;1197;601;596;234;110;124
427638.58208279;5503090.27923707;539911;Příbram;2120;Příbram;33058;15869;17189;4699;2364;2335;22032;10978;11054;6327;2527;3800
384342.379970067;5485755.59928561;539929;Týniště;3210;Přeštice;43;20;23;4;1;3;30;14;16;9;5;4
386693.280629022;5485959.303174;539937;Skašov;3210;Přeštice;232;114;118;34;10;24;152;83;69;46;21;25
384363.119926766;5490382.8997186;539945;Dolce;3210;Přeštice;284;146;138;39;16;23;205;113;92;40;17;23
423987.856952306;5501117.18468107;539953;Bohutín;2120;Příbram;1743;866;877;290;149;141;1161;581;580;292;136;156
649662.20643247;5527640.49862723;539961;Libina;7111;Šumperk;3363;1658;1705;524;284;240;2173;1107;1066;666;267;399
448942.595404176;5509829.09599853;539970;Borotice;2107;Dobříš;363;177;186;51;23;28;233;117;116;79;37;42
427673.220636923;5510970.12620256;539988;Bratkovice;2120;Příbram;316;161;155;54;25;29;205;110;95;57;26;31
647721.924919629;5522373.13141784;540005;Lipinka;7112;Uničov;197;105;92;16;9;7;142;75;67;39;21;18
424860.224396378;5490221.1776544;540013;Březnice;2120;Příbram;3541;1724;1817;533;278;255;2314;1160;1154;694;286;408
433596.587646148;5513073.18969186;540021;Buková u Příbramě;2120;Příbram;345;175;170;77;45;32;208;102;106;60;28;32
650042.97512375;5565186.00708093;540030;Lipová-lázně;7102;Jeseník;2237;1102;1135;282;143;139;1514;787;727;441;172;269
455718.289495856;5516180.35027301;540048;Buš;2105;Černošice;328;179;149;50;27;23;232;130;102;46;22;24
365075.393409257;5498266.47190809;540056;Střelice;3212;Stod;139;66;73;20;5;15;98;52;46;21;9;12
362391.233731488;5499988.75225746;540064;Lisov;3212;Stod;116;56;60;17;8;9;70;35;35;29;13;16
429581.562238852;5514521.60757842;540072;Čenkov;2120;Příbram;380;198;182;46;24;22;269;149;120;65;25;40
456042.566448609;5514036.61971695;540081;Čím;2107;Dobříš;321;157;164;58;33;25;215;107;108;48;17;31
440924.382745342;5509144.03074;540099;Daleké Dušníky;2107;Dobříš;402;192;210;51;24;27;274;134;140;77;34;43
407980.526063976;5475900.5574861;540102;Nezdřev;3207;Nepomuk;106;54;52;9;3;6;73;40;33;24;11;13
439082.411257063;5518699.42339979;540111;Dobříš;2107;Dobříš;8952;4328;4624;1578;810;768;5752;2865;2887;1622;653;969
440090.071661053;5500815.4938661;540129;Dolní Hbity;2120;Příbram;872;432;440;112;50;62;584;311;273;176;71;105
405237.138698115;5480460.23665392;540137;Životice;3207;Nepomuk;41;21;20;1;0;1;23;14;9;17;7;10
425039.714064113;5509449.99457342;540145;Drahlín;2120;Příbram;538;267;271;74;39;35;349;181;168;115;47;68
435831.672063787;5506434.45350048;540153;Drásov;2120;Příbram;419;211;208;65;30;35;287;154;133;67;27;40
633936.78879249;5514150.23969083;540161;Líšnice;7106;Mohelnice;341;183;158;55;35;20;225;122;103;61;26;35
446825.675910608;5507914.85969287;540170;Drevníky;2107;Dobříš;324;166;158;49;25;24;208;110;98;67;31;36
444729.04157185;5509865.75600931;540188;Drhovy;2107;Dobříš;255;131;124;37;22;15;172;90;82;46;19;27
638269.553551078;5511756.8495364;540196;Loštice;7106;Mohelnice;3026;1468;1558;434;223;211;1934;979;955;658;266;392
396839.179688918;5479913.66322432;540200;Kozlovice;3207;Nepomuk;88;47;41;12;4;8;62;37;25;14;6;8
451873.735969484;5502741.97455074;540218;Dublovice;2123;Sedlčany;1095;577;518;162;86;76;735;402;333;198;89;109
652680.438038706;5551579.47846186;540226;Loučná nad Desnou;7111;Šumperk;1640;829;811;195;98;97;1078;566;512;367;165;202
636360.64985564;5520860.16654029;540234;Lukavice;7113;Zábřeh;873;437;436;129;64;65;619;320;299;125;53;72
429773.744772223;5511119.53129099;540242;Hluboš;2120;Příbram;613;316;297;97;51;46;404;211;193;112;54;58
389354.2393849;5490331.17731523;540251;Drahkov;3201;Blovice;129;66;63;14;9;5;90;48;42;25;9;16
376536.113636721;5505178.06305335;540269;Nová Ves;3212;Stod;295;149;146;61;33;28;191;97;94;43;19;24
447494.967721654;5504285.48174722;540285;Hřiměždice;2107;Dobříš;411;215;196;55;29;26;271;154;117;85;32;53
371052.476373247;5489569.63738539;540293;Otěšice;3210;Přeštice;136;71;65;12;8;4;90;46;44;34;17;17
401409.168934671;5477115.54421231;540307;Chlumy;3207;Nepomuk;204;133;71;15;7;8;139;94;45;50;32;18
413721.44486541;5488932.3964657;540315;Hvožďany;2120;Příbram;774;383;391;98;46;52;505;267;238;171;70;101
453972.921837546;5511693.99280241;540323;Chotilsko;2107;Dobříš;478;254;224;92;46;46;304;168;136;82;40;42
632557.707534035;5551086.66097314;540331;Malá Morava;7111;Šumperk;513;264;249;71;35;36;344;181;163;98;48;50
386745.738582537;5499124.52363393;540340;Nebílovy;3210;Přeštice;334;167;167;47;19;28;224;121;103;63;27;36
433025.143449261;5491453.30367481;540358;Chraštice;2120;Příbram;257;127;130;41;20;21;161;83;78;55;24;31
628462.742822901;5518542.83601442;540366;Maletín;7106;Mohelnice;389;210;179;61;32;29;280;155;125;48;23;25
437666.226609492;5501268.02508778;540374;Jablonná;2120;Příbram;390;213;177;53;28;25;277;153;124;60;32;28
664144.209762493;5572627.28704073;540382;Mikulovice;7102;Jeseník;2625;1289;1336;393;199;194;1724;873;851;508;217;291
462681.180475573;5494825.75052617;540391;Jesenice;2123;Sedlčany;523;264;259;72;33;39;360;191;169;91;40;51
425273.321944865;5514086.68019086;540404;Jince;2120;Příbram;2248;1151;1097;373;183;190;1595;847;748;280;121;159
384581.623492753;5498433.21358665;540412;Předenice;3210;Přeštice;225;101;124;34;10;24;152;74;78;39;17;22
382155.712082323;5489759.98128638;540421;Radkovice;3210;Přeštice;109;63;46;22;16;6;67;41;26;20;6;14
445592.552163224;5499782.55096462;540439;Kamýk nad Vltavou;2120;Příbram;904;445;459;129;66;63;626;315;311;149;64;85
442433.290202937;5490070.44155871;540447;Klučenice;2123;Sedlčany;458;232;226;59;28;31;308;158;150;91;46;45
371232.777780231;5488031.36443626;540463;Bolkov;3210;Přeštice;53;21;32;6;1;5;25;12;13;22;8;14
635981.396452993;5516469.60395196;540471;Mohelnice;7106;Mohelnice;9245;4571;4674;1287;671;616;6265;3193;3072;1693;707;986
641487.970591356;5512843.99275732;540480;Moravičany;7106;Mohelnice;1298;645;653;193;94;99;868;456;412;237;95;142
462530.569587269;5499075.50938565;540498;Kosova Hora;2123;Sedlčany;1313;679;634;214;120;94;857;451;406;242;108;134
647393.881711618;5534333.05928868;540501;Nový Malín;7111;Šumperk;3436;1749;1687;686;355;331;2360;1224;1136;390;170;220
632761.487516657;5535906.87307585;540510;Olšany;7111;Šumperk;1092;560;532;154;81;73;746;405;341;192;74;118
389185.268631175;5493175.22015351;540528;Únětice;3201;Blovice;142;72;70;21;10;11;95;51;44;26;11;15
436927.83430232;5489132.74796569;540536;Kozárovice;2120;Příbram;378;190;188;46;28;18;252;124;128;80;38;42
653575.781086008;5533220.61202272;540544;Oskava;7111;Šumperk;1327;681;646;170;95;75;874;466;408;283;120;163
447702.66265833;5494689.31622419;540552;Krásná Hora nad Vltavou;2123;Sedlčany;1085;551;534;170;90;80;726;374;352;189;87;102
389586.012102815;5509799.69808745;540561;Letkov;3209;Plzeň;657;332;325;123;67;56;437;220;217;97;45;52
451925.120630307;5506031.5064801;540579;Křepenice;2123;Sedlčany;189;97;92;28;12;16;124;70;54;37;15;22
423792.227555447;5516707.09427473;540587;Křešín;2120;Příbram;114;63;51;13;9;4;75;42;33;26;12;14
640918.452220658;5510117.51256941;540595;Palonín;7106;Mohelnice;341;180;161;54;32;22;227;123;104;60;25;35
633521.078597195;5510907.0055105;540609;Pavlov;7106;Mohelnice;616;307;309;93;48;45;410;210;200;113;49;64
367245.235365113;5495816.6019516;540617;Líšina;3212;Stod;160;81;79;23;12;11;95;46;49;42;23;19
421537.658095202;5500562.83259111;540625;Láz;2120;Příbram;609;295;314;115;56;59;387;192;195;107;47;60
366178.220934913;5504194.18375261;540633;Kotovice;3212;Stod;316;157;159;52;25;27;202;105;97;62;27;35
394193.305777632;5508082.5411488;540641;Mokrouše;3209;Plzeň;237;114;123;41;17;24;161;83;78;35;14;21
628832.078153874;5541331.02789977;540650;Písařov;7111;Šumperk;724;351;373;127;62;65;466;236;230;131;53;78
358582.10945618;5499832.67985923;540668;Honezovice;3212;Stod;247;119;128;34;16;18;169;85;84;44;18;26
398420.873146395;5486504.8004866;540676;Srby;3207;Nepomuk;172;88;84;18;7;11;111;60;51;43;21;22
660719.236227961;5571003.6700952;540684;Písečná;7102;Jeseník;997;493;504;138;64;74;705;361;344;154;68;86
400456.103425178;5487527.4662637;540692;Sedliště;3207;Nepomuk;104;55;49;6;1;5;76;43;33;22;11;11
391453.945424696;5497048.11889694;540706;Vlčtejn;3201;Blovice;87;47;40;9;6;3;58;31;27;20;10;10
448158.607945787;5517843.00214255;540714;Malá Hraštice;2107;Dobříš;984;489;495;178;87;91;653;339;314;153;63;90
393051.195881594;5517487.822558;540722;Smědčice;3211;Rokycany;268;129;139;60;28;32;173;84;89;35;17;18
643017.284803634;5520581.91525426;540731;Police;7106;Mohelnice;223;116;107;34;19;15;151;81;70;38;16;22
442426.634542822;5493580.78959599;540749;Milešov;2123;Sedlčany;312;163;149;36;19;17;205;112;93;71;32;39
432214.047901355;5499519.64141143;540757;Milín;2120;Příbram;2160;1061;1099;330;157;173;1477;748;729;353;156;197
446806.404727351;5524450.78254533;540765;Mníšek pod Brdy;2105;Černošice;5415;2593;2822;1107;568;539;3406;1656;1750;902;369;533
637371.058048864;5530042.15734626;540773;Postřelmov;7113;Zábřeh;3121;1497;1624;442;198;244;2085;1052;1033;594;247;347
444717.558708819;5516352.73125617;540781;Mokrovraty;2107;Dobříš;737;381;356;123;78;45;493;246;247;121;57;64
454434.592920563;5506863.01722805;540790;Nalžovice;2123;Sedlčany;593;284;309;95;50;45;410;188;222;88;46;42
403913.233822159;5532147.47726008;540803;Chlum;3211;Rokycany;43;22;21;6;3;3;25;13;12;12;6;6
443645.870927227;5506109.08515367;540811;Nečín;2107;Dobříš;778;407;371;103;54;49;510;277;233;165;76;89
459946.367899252;5495121.00554557;540820;Nedrahovice;2123;Sedlčany;450;213;237;71;30;41;301;152;149;78;31;47
458254.992864453;5490426.22986712;540846;Nechvalice;2123;Sedlčany;648;331;317;101;50;51;441;231;210;106;50;56
636289.052484374;5524461.60469374;540854;Rájec;7113;Zábřeh;504;253;251;67;25;42;342;182;160;95;46;49
643670.70686077;5540823.87744697;540862;Rapotín;7111;Šumperk;3234;1608;1626;526;267;259;2158;1103;1055;550;238;312
644048.472817541;5525793.63824974;540871;Rohle;7113;Zábřeh;667;337;330;95;50;45;440;232;208;132;55;77
446822.740129724;5519989.54895423;540889;Nová Ves pod Pleší;2107;Dobříš;1077;536;541;228;115;113;724;368;356;125;53;72
452953.969177388;5517262.84901528;540897;Nové Dvory;2107;Dobříš;247;122;125;38;24;14;166;81;85;43;17;26
448200.063101652;5513611.81828359;540901;Nový Knín;2107;Dobříš;1986;992;994;302;163;139;1313;654;659;371;175;196
634088.718098938;5530311.50081228;540919;Rovensko;7113;Zábřeh;814;397;417;147;67;80;538;272;266;129;58;71
409757.748533931;5534703.66556149;540927;Čilá;3211;Rokycany;15;7;8;0;0;0;12;7;5;3;0;3
421087.961187829;5505944.66009926;540935;Obecnice;2120;Příbram;1269;656;613;196;114;82;860;442;418;213;100;113
442370.231651572;5503502.90504955;540943;Obory;2120;Příbram;269;133;136;45;26;19;166;86;80;58;21;37
438746.307254956;5510702.91964876;540951;Obořiště;2107;Dobříš;643;329;314;101;54;47;434;230;204;108;45;63
423910.91931161;5514842.10923542;540960;Ohrazenice;2120;Příbram;280;143;137;41;23;18;189;97;92;50;23;27
634969.126040165;5539434.02775303;540978;Ruda nad Moravou;7111;Šumperk;2588;1308;1280;451;227;224;1699;885;814;438;196;242
651830.299305421;5540497.4695243;540986;Sobotín;7111;Šumperk;1198;592;606;174;87;87;791;412;379;233;93;140
407888.863309519;5534930.58098924;541001;Hradiště;3211;Rokycany;32;19;13;7;5;2;13;7;6;12;7;5
438979.937969411;5507462.4094138;541010;Ouběnice;2107;Dobříš;239;117;122;44;24;20;153;75;78;42;18;24
434744.060489562;5496062.07419762;541028;Pečice;2120;Příbram;370;202;168;55;30;25;253;143;110;62;29;33
656239.453168588;5575832.06214468;541036;Stará Červená Voda;7102;Jeseník;638;317;321;107;53;54;437;231;206;94;33;61
452340.028692821;5490004.68038868;541044;Petrovice;2123;Sedlčany;1336;673;663;194;100;94;903;469;434;239;104;135
432228.865115903;5511354.12853756;541052;Pičín;2120;Příbram;630;305;325;118;58;60;398;194;204;114;53;61
405652.634975854;5533905.18330735;541061;Zvíkovec;3211;Rokycany;194;65;129;26;10;16;140;43;97;28;12;16
638563.286619282;5560939.73445661;541079;Staré Město;7111;Šumperk;1739;885;854;257;129;128;1168;626;542;314;130;184
455842.739152865;5493993.16988346;541087;Počepice;2123;Sedlčany;530;274;256;77;40;37;360;189;171;93;45;48
398855.943166487;5519957.23276161;541095;Bezděkov;3211;Rokycany;135;68;67;24;11;13;89;47;42;22;10;12
640291.703027083;5531585.04330458;541109;Sudkov;7111;Šumperk;1130;577;553;163;98;65;766;400;366;201;79;122
659793.189640031;5574026.68932602;541117;Supíkovice;7102;Jeseník;690;362;328;100;61;39;469;244;225;121;57;64
631750.699403465;5531731.44514305;541125;Svébohov;7113;Zábřeh;418;204;214;54;27;27;279;136;143;85;41;44
463550.046233188;5504317.78403513;541133;Prosenická Lhota;2123;Sedlčany;502;241;261;79;39;40;338;166;172;85;36;49
401888.377302143;5524308.29919303;541141;Chomle;3211;Rokycany;61;36;25;8;5;3;36;21;15;17;10;7
399906.62994553;5508141.23458378;541150;Kamenný Újezd;3211;Rokycany;751;371;380;119;64;55;497;252;245;135;55;80
625994.736805344;5536670.69496116;541168;Štíty;7113;Zábřeh;2039;1020;1019;317;167;150;1354;689;665;368;164;204
403452.866849866;5513119.24933393;541176;Svojkovice;3211;Rokycany;408;206;202;57;24;33;276;141;135;75;41;34
400208.299559758;5504853.97394668;541192;Nevid;3211;Rokycany;181;88;93;30;13;17;118;57;61;33;18;15
436236.983949108;5513618.66514824;541206;Rosovice;2107;Dobříš;809;411;398;122;67;55;533;279;254;154;65;89
642536.612324651;5578998.06946021;541214;Uhelná;7102;Jeseník;476;247;229;55;27;28;311;173;138;110;47;63
644046.511037485;5518629.34023401;541222;Úsov;7106;Mohelnice;1214;605;609;178;90;88;842;443;399;194;72;122
416862.538149012;5494501.7175973;541231;Rožmitál pod Třemšínem;2120;Příbram;4374;2154;2220;549;297;252;2867;1483;1384;958;374;584
650313.081838769;5570147.58885747;541249;Vápenná;7102;Jeseník;1333;747;586;164;84;80;953;567;386;216;96;120
442709.566575644;5510943.23955256;541257;Rybníky;2107;Dobříš;410;205;205;65;28;37;286;149;137;59;28;31
646262.361156311;5546307.33599074;541265;Velké Losiny;7111;Šumperk;2654;1303;1351;335;155;180;1727;903;824;592;245;347
426580.81817218;5510015.93306884;541273;Sádek;2120;Příbram;225;107;118;27;12;15;154;76;78;44;19;25
457689.784356789;5500581.3169005;541281;Sedlčany;2123;Sedlčany;7282;3471;3811;984;507;477;4736;2324;2412;1562;640;922
352199.162959426;5522302.84386392;541290;Horní Kozolupy;3213;Stříbro;251;135;116;39;20;19;158;92;66;54;23;31
655871.631223057;5581943.17335804;541303;Vidnava;7102;Jeseník;1283;651;632;188;105;83;851;453;398;244;93;151
437497.801673258;5497367.51218734;541311;Smolotely;2120;Příbram;238;118;120;39;16;23;162;85;77;37;17;20
441007.137983009;5496985.55262929;541320;Solenice;2120;Příbram;409;196;213;80;38;42;228;117;111;101;41;60
442847.912594891;5513791.36757276;541338;Stará Huť;2107;Dobříš;1340;669;671;243;141;102;858;428;430;239;100;139
645267.863707617;5578359.10694293;541346;Vlčice;7102;Jeseník;423;218;205;58;25;33;293;167;126;72;26;46
633006.489928426;5527356.64852691;541354;Zábřeh;7113;Zábřeh;13792;6651;7141;2050;1031;1019;9071;4546;4525;2671;1074;1597
331030.852414819;5529978.01785968;541362;Zadní Chodov;3215;Tachov;255;139;116;36;22;14;172;98;74;47;19;28
433016.82040191;5507846.95717233;541371;Suchodol;2120;Příbram;363;182;181;68;32;36;243;126;117;52;24;28
440535.424755576;5511629.90071465;541389;Svaté Pole;2107;Dobříš;425;208;217;63;29;34;298;152;146;64;27;37
448707.523447504;5499844.68953092;541397;Svatý Jan;2123;Sedlčany;651;355;296;99;53;46;451;258;193;101;44;57
326143.707391155;5529408.17189532;541401;Broumov;3215;Tachov;133;71;62;28;12;16;93;54;39;12;5;7
464204.067960168;5501823.85765064;541419;Štětkovice;2123;Sedlčany;325;174;151;52;32;20;236;124;112;37;18;19
427629.377837655;5494310.85608195;541427;Tochovice;2120;Příbram;667;352;315;113;61;52;456;247;209;98;44;54
357612.735641398;5516993.40483211;541435;Únehle;3213;Stříbro;131;68;63;30;17;13;82;44;38;19;7;12
320769.13873559;5519628.38488543;541443;Obora;3215;Tachov;129;65;64;24;14;10;85;43;42;20;8;12
425670.494103395;5497084.58327937;541451;Třebsko;2120;Příbram;248;130;118;45;26;19;161;83;78;42;21;21
352720.124371975;5502777.72828202;541460;Zhoř;3213;Stříbro;148;72;76;30;10;20;103;54;49;15;8;7
637083.800083384;5522800.56956903;541478;Zvole;7113;Zábřeh;863;435;428;144;78;66;590;304;286;129;53;76
349357.281645024;5502453.15347763;541486;Prostiboř;3213;Stříbro;131;78;53;13;9;4;100;60;40;18;9;9
351858.920206106;5526958.61660157;541494;Kokašice;3213;Stříbro;260;126;134;49;26;23;177;90;87;34;10;24
412949.048103852;5498684.76117548;541508;Věšín;2120;Příbram;701;373;328;124;69;55;466;253;213;111;51;60
436823.153863182;5504295.55542239;541516;Višňová;2120;Příbram;650;318;332;107;51;56;446;219;227;97;48;49
420620.771102911;5488838.00791381;541524;Volenice;2120;Příbram;401;211;190;50;31;19;270;145;125;81;35;46
322218.974972752;5517547.75436;541532;Milíře;3215;Tachov;251;134;117;40;23;17;193;103;90;18;8;10
442247.733548131;5519597.85259012;541541;Voznice;2107;Dobříš;592;304;288;78;38;40;407;213;194;107;53;54
336764.081591012;5519623.34519744;541559;Kočov;3215;Tachov;197;97;100;42;15;27;139;75;64;16;7;9
419773.273482514;5499497.83098727;541567;Vranovice;2120;Příbram;310;148;162;62;34;28;207;103;104;41;11;30
650137.347941644;5576176.72569964;541575;Žulová;7102;Jeseník;1244;612;632;188;89;99;816;416;400;240;107;133
423891.483120193;5498593.38842806;541583;Vysoká u Příbramě;2120;Příbram;347;164;183;67;30;37;212;105;107;68;29;39
453923.450110175;5496665.48851641;541591;Vysoký Chlumec;2123;Sedlčany;845;437;408;110;56;54;580;315;265;155;66;89
336761.629147697;5522877.93421355;541605;Brod nad Tichou;3215;Tachov;251;121;130;42;22;20;174;84;90;35;15;20
434284.556047718;5487985.36210506;541613;Zalužany;2120;Příbram;319;173;146;32;24;8;205;113;92;82;36;46
336145.70150717;5515910.90443247;541621;Tisová;3215;Tachov;458;244;214;76;44;32;318;172;146;64;28;36
718726.885505119;5470625.28366822;541630;Vsetín;7212;Vsetín;26394;12620;13774;3873;1988;1885;17339;8575;8764;5182;2057;3125
710284.976332805;5482542.64370206;541648;Branky;7210;Valašské Meziříčí;956;491;465;161;86;75;657;337;320;138;68;70
408829.218974643;5551004.44810339;541656;Rakovník;2121;Rakovník;16081;7798;8283;2263;1141;1122;10702;5367;5335;3116;1290;1826
353547.458130104;5518152.87379645;541664;Záchlumí;3213;Stříbro;401;199;202;78;41;37;264;127;137;59;31;28
416477.371424087;5539141.27402789;541672;Branov;2121;Rakovník;211;106;105;27;12;15;133;66;67;51;28;23
344974.528909153;5515032.03796916;541681;Ošelín;3213;Stříbro;158;78;80;29;10;19;112;59;53;17;9;8
395918.281792617;5543720.68497404;541699;Čistá;2121;Rakovník;873;455;418;134;70;64;581;313;268;158;72;86
333930.211130784;5521192.17916446;541702;Lom u Tachova;3215;Tachov;412;211;201;69;35;34;294;153;141;49;23;26
717228.01252733;5478078.24911457;541711;Bystřička;7212;Vsetín;1011;504;507;155;79;76;674;349;325;182;76;106
400091.067864531;5558146.10644858;541729;Hořesedly;2121;Rakovník;447;204;243;63;23;40;305;150;155;79;31;48
395287.453427899;5556817.95538969;541737;Hořovičky;2121;Rakovník;474;252;222;82;44;38;320;172;148;72;36;36
383446.72274241;5473514.28735053;541745;Myslovice;3205;Klatovy;132;64;68;23;9;14;77;42;35;32;13;19
371474.39291322;5482736.09647921;541753;Ježovy;3205;Klatovy;237;120;117;42;17;25;149;84;65;46;19;27
410627.308655792;5537995.10328717;541761;Hřebečníky;2121;Rakovník;231;123;108;28;14;14;148;85;63;55;24;31
410928.864833617;5560527.45479072;541770;Hředle;2121;Rakovník;592;301;291;84;41;43;391;209;182;117;51;66
367164.908005731;5476118.87256052;541788;Poleň;3205;Klatovy;280;144;136;41;23;18;177;96;81;62;25;37
403483.488775329;5460126.80455242;541796;Hejná;3203;Horažďovice;167;88;79;16;10;6;110;60;50;41;18;23
732945.863633219;5484555.93330678;541800;Dolní Bečva;7206;Rožnov pod Radhoštěm;1900;951;949;294;149;145;1241;649;592;365;153;212
405524.358646131;5556429.09313571;541818;Chrášťany;2121;Rakovník;658;335;323;102;59;43;462;243;219;94;33;61
404982.108276212;5458241.47274806;541826;Kejnice;3203;Horažďovice;109;52;57;14;8;6;73;36;37;22;8;14
390857.395428012;5549147.91198984;541834;Jesenice;2121;Rakovník;1694;833;861;269;143;126;1105;565;540;320;125;195
366340.772192921;5466761.93921083;541842;Běhařov;3205;Klatovy;215;129;86;23;17;6;168;98;70;24;14;10
371522.559926621;5465826.72972001;541851;Klenová;3205;Klatovy;119;64;55;19;12;7;76;41;35;24;11;13
373777.460089261;5465543.06074715;541869;Javor;3205;Klatovy;70;35;35;9;5;4;46;25;21;15;5;10
402662.177400249;5556100.78453035;541877;Kněževes;2121;Rakovník;1015;509;506;161;84;77;667;336;331;187;89;98
374304.986747809;5467674.08672018;541885;Týnec;3205;Klatovy;338;176;162;51;21;30;223;127;96;64;28;36
399277.290162336;5554854.69257841;541893;Kolešovice;2121;Rakovník;815;416;399;134;74;60;507;262;245;174;80;94
405290.591735507;5563596.17915329;541907;Kounov;2121;Rakovník;586;314;272;119;72;47;382;201;181;85;41;44
382252.690319644;5472436.30616927;541915;Obytce;3205;Klatovy;206;108;98;35;19;16;136;72;64;35;17;18
399845.043868133;5467044.49619023;541923;Břežany;3203;Horažďovice;198;102;96;35;20;15;129;69;60;34;13;21
401672.80694918;5474360.39213253;541931;Kvášňovice;3203;Horažďovice;117;51;66;11;5;6;78;35;43;28;11;17
413092.284389351;5562567.6193115;541940;Kroučová;2121;Rakovník;259;127;132;36;16;20;178;92;86;45;19;26
400558.407366431;5472819.95516269;541958;Olšany;3203;Horažďovice;208;107;101;17;7;10;147;79;68;44;21;23
409069.914800325;5558653.39948379;541966;Krupá;2121;Rakovník;452;215;237;60;28;32;315;155;160;77;32;45
412328.18878064;5558479.78579929;541974;Krušovice;2121;Rakovník;618;317;301;101;60;41;422;219;203;95;38;57
420171.999654791;5543569.67413772;541982;Křivoklát;2121;Rakovník;681;324;357;93;42;51;450;222;228;138;60;78
423196.659491143;5551335.93542928;541991;Lány;2109;Kladno;2053;1006;1047;375;185;190;1322;664;658;356;157;199
412880.011328995;5545425.72418938;542008;Lašovice;2121;Rakovník;121;63;58;12;7;5;77;42;35;32;14;18
410105.762432249;5555959.83635984;542016;Lišany;2121;Rakovník;664;321;343;100;39;61;451;237;214;113;45;68
385835.395706888;5466690.53494748;542024;Číhaň;3205;Klatovy;203;97;106;19;7;12;140;68;72;44;22;22
407257.904785564;5548389.17656687;542032;Lubná;2121;Rakovník;1033;526;507;183;96;87;724;368;356;126;62;64
413258.557656473;5553989.35389569;542041;Lužná;2121;Rakovník;1914;945;969;316;162;154;1234;617;617;364;166;198
389250.603783416;5476785.42857696;542059;Mlýnské Struhadlo;3205;Klatovy;45;28;17;5;4;1;29;19;10;11;5;6
419755.760243234;5546814.67742169;542067;Městečko;2121;Rakovník;437;220;217;58;33;25;295;153;142;84;34;50
404207.330737939;5561157.66639032;542075;Milostín;2121;Rakovník;294;141;153;45;17;28;197;102;95;52;22;30
389934.857202738;5468963.26052387;542083;Hnačov;3205;Klatovy;91;49;42;9;5;4;59;34;25;23;10;13
394017.991324016;5434589.2196992;542091;Horská Kvilda;3214;Sušice;63;29;34;9;4;5;41;20;21;13;5;8
421668.03293607;5561759.76566906;542105;Mšec;2121;Rakovník;911;449;462;138;75;63;600;306;294;173;68;105
422573.350228638;5559101.2467488;542113;Mšecké Žehrovice;2121;Rakovník;598;290;308;97;46;51;408;209;199;93;35;58
408151.301245356;5562227.05430463;542121;Mutějovice;2121;Rakovník;781;385;396;108;52;56;534;273;261;139;60;79
406017.948603601;5558887.73261091;542130;Nesuchyně;2121;Rakovník;422;213;209;79;43;36;284;144;140;59;26;33
388339.644211467;5428529.10198285;542148;Modrava;3214;Sušice;72;38;34;11;6;5;51;26;25;10;6;4
377097.495162141;5487154.30689464;542156;Borovy;3210;Přeštice;226;118;108;38;17;21;152;83;69;36;18;18
421543.528382475;5556187.03033772;542164;Nové Strašecí;2121;Rakovník;5372;2632;2740;843;438;405;3612;1826;1786;917;368;549
376467.411558786;5484561.32248517;542172;Červené Poříčí;3205;Klatovy;231;125;106;34;23;11;146;82;64;51;20;31
415976.308764192;5549301.66238754;542181;Nový Dům;2121;Rakovník;164;79;85;28;14;14;103;52;51;33;13;20
407054.126046994;5554236.72449335;542199;Olešná;2121;Rakovník;578;312;266;80;45;35;400;228;172;98;39;59
395960.468053963;5551806.73151481;542202;Oráčov;2121;Rakovník;394;213;181;57;30;27;268;151;117;69;32;37
407176.310944094;5543407.29166653;542211;Panoší Újezd;2121;Rakovník;289;147;142;38;21;17;197;105;92;54;21;33
402783.290247153;5546893.88708156;542229;Petrovice;2121;Rakovník;271;138;133;41;22;19;174;91;83;56;25;31
413909.858306672;5565297.1518132;542237;Pochvalov;2121;Rakovník;263;123;140;29;14;15;174;84;90;60;25;35
404493.09469089;5546964.85785792;542253;Příčina;2121;Rakovník;194;105;89;24;14;10;128;68;60;42;23;19
399504.74434637;5551315.28404483;542270;Pšovlky;2121;Rakovník;312;159;153;39;18;21;209;113;96;64;28;36
416424.922826017;5547140.92579306;542288;Pustověty;2121;Rakovník;139;74;65;24;14;10;82;44;38;33;16;17
379451.574630593;5486817.21155505;542296;Nezdice;3210;Přeštice;209;96;113;26;13;13;139;61;78;44;22;22
691509.180868568;5479894.12208393;542318;Blazice;7201;Bystřice pod Hostýnem;195;96;99;25;10;15;139;79;60;31;7;24
418133.660235967;5552558.92500283;542326;Ruda;2121;Rakovník;765;379;386;135;72;63;494;242;252;136;65;71
423356.597323479;5554362.00727938;542334;Rynholec;2121;Rakovník;949;490;459;172;90;82;613;331;282;164;69;95
664142.505816411;5452256.72149459;542342;Honětice;7203;Kroměříž;76;41;35;17;10;7;49;27;22;10;4;6
415971.347273545;5558540.46873284;542351;Řevničov;2121;Rakovník;1344;688;656;195;109;86;863;461;402;286;118;168
406990.876451214;5546481.66122248;542369;Senec;2121;Rakovník;245;117;128;40;22;18;168;82;86;37;13;24
404470.744939215;5550388.19759717;542377;Senomaty;2121;Rakovník;1203;590;613;217;111;106;798;392;406;188;87;101
412523.859902944;5534080.72292144;542385;Skryje;2121;Rakovník;168;84;84;24;14;10;113;58;55;31;12;19
675700.67027146;5454567.14854424;542393;Vrbka;7203;Kroměříž;199;95;104;26;12;14;133;69;64;40;14;26
441742.645824559;5599302.7694487;542407;Trnovany;4205;Litoměřice;384;201;183;82;44;38;236;119;117;66;38;28
406744.198068574;5539531.30494157;542415;Slabce;2121;Rakovník;737;368;369;117;60;57;487;247;240;133;61;72
450811.850382834;5578869.83320373;542423;Černouček;4211;Roudnice nad Labem;287;156;131;39;23;16;200;113;87;48;20;28
420548.635563593;5564181.62955494;542431;Srbeč;2121;Rakovník;306;156;150;47;25;22;195;105;90;64;26;38
443014.549043886;5592976.37309898;542440;Oleško;4205;Litoměřice;82;44;38;10;5;5;60;34;26;12;5;7
401599.556663872;5559978.99262462;542458;Svojetín;2121;Rakovník;341;169;172;58;29;29;220;112;108;63;28;35
425470.766766115;5542457.57603801;542466;Sýkořice;2121;Rakovník;518;270;248;72;35;37;335;184;151;111;51;60
401616.555714483;5549505.83690458;542474;Šanov;2121;Rakovník;536;274;262;105;62;43;350;179;171;81;33;48
451831.649932428;5589538.87303737;542482;Záluží;4211;Roudnice nad Labem;167;77;90;34;13;21;117;58;59;16;6;10
434984.81932167;5599498.1279429;542491;Malíč;4205;Litoměřice;166;98;68;25;18;7;114;66;48;27;14;13
411926.971089397;5563639.67322864;542504;Třeboc;2121;Rakovník;137;63;74;20;6;14;85;42;43;32;15;17
418549.016902289;5560044.41107294;542512;Třtice;2121;Rakovník;480;237;243;61;29;32;319;164;155;100;44;56
435149.541877683;5598735.21628792;542521;Michalovice;4205;Litoměřice;150;76;74;23;14;9;99;49;50;28;13;15
433775.568400331;5597235.12565164;542539;Píšťany;4205;Litoměřice;208;115;93;22;13;9;140;81;59;46;21;25
418554.346485423;5577875.68696625;542547;Blšany u Loun;4207;Louny;293;155;138;50;28;22;200;107;93;43;20;23
409536.146595876;5574029.18175747;542555;Opočno;4207;Louny;126;72;54;10;5;5;80;51;29;36;16;20
416461.988444877;5543680.14663241;542563;Velká Buková;2121;Rakovník;257;131;126;36;19;17;173;94;79;48;18;30
415022.843190178;5576513.18051377;542571;Cítoliby;4207;Louny;1092;540;552;207;105;102;712;358;354;173;77;96
419745.777131594;5580140.38975638;542580;Obora;4207;Louny;424;195;229;78;32;46;287;137;150;59;26;33
411235.119422516;5544283.64740949;542598;Všetaty;2121;Rakovník;313;157;156;50;25;25;211;114;97;52;18;34
401175.464166998;5546142.11871327;542601;Zavidov;2121;Rakovník;312;173;139;43;23;20;223;130;93;46;20;26
422049.944186995;5544004.01437934;542610;Zbečno;2121;Rakovník;507;252;255;59;33;26;352;182;170;96;37;59
417541.591879093;5579299.6336733;542628;Černčice;4207;Louny;1312;641;671;204;104;100;871;430;441;237;107;130
416898.651218709;5571262.10791757;542636;Nová Ves;4207;Louny;120;61;59;22;13;9;71;35;36;27;13;14
725912.244474196;5455689.18469941;542644;Francova Lhota;7212;Vsetín;1590;822;768;220;116;104;1118;596;522;252;110;142
727943.13730342;5469267.39387018;542679;Halenkov;7212;Vsetín;2431;1198;1233;411;204;207;1636;843;793;384;151;233
740275.033062531;5480228.75849095;542687;Horní Bečva;7206;Rožnov pod Radhoštěm;2434;1237;1197;341;182;159;1575;844;731;518;211;307
723379.539862795;5452065.61032615;542725;Horní Lideč;7212;Vsetín;1382;701;681;232;126;106;943;490;453;207;85;122
707438.198101339;5470304.65619364;542750;Hošťálková;7212;Vsetín;2211;1098;1113;371;193;178;1517;767;750;323;138;185
722535.158351554;5465645.67506703;542768;Hovězí;7212;Vsetín;2381;1194;1187;365;184;181;1616;842;774;400;168;232
727069.83841189;5464125.42728049;542784;Huslenky;7212;Vsetín;2241;1122;1119;335;160;175;1557;829;728;349;133;216
733602.987195909;5478122.90711344;542814;Hutisko-Solanec;7206;Rožnov pod Radhoštěm;2009;985;1024;315;152;163;1293;666;627;401;167;234
710076.405322871;5487131.81767412;542831;Choryně;7210;Valašské Meziříčí;733;370;363;119;65;54;522;272;250;92;33;59
714828.428646981;5474371.76313068;542865;Jablůnka;7212;Vsetín;2052;1037;1015;315;171;144;1370;712;658;367;154;213
714091.90167388;5480323.43738668;542903;Jarcová;7210;Valašské Meziříčí;831;414;417;147;75;72;556;288;268;128;51;77
736425.430379087;5470756.17130775;542911;Karolinka;7212;Vsetín;2567;1289;1278;363;212;151;1684;864;820;520;213;307
709044.675524602;5474418.92186095;542946;Kateřinice;7212;Vsetín;1028;539;489;175;111;64;675;348;327;178;80;98
704819.387929292;5484715.91944958;542989;Kelč;7210;Valašské Meziříčí;2675;1343;1332;459;243;216;1802;933;869;414;167;247
708058.234312812;5486089.13491329;542997;Kladeruby;7210;Valašské Meziříčí;413;207;206;54;34;20;281;142;139;78;31;47
421178.600636163;5569601.24050955;543012;Žerotín;4207;Louny;201;100;101;27;12;15;132;67;65;42;21;21
703749.548356505;5479937.64743142;543021;Kunovice;7210;Valašské Meziříčí;615;315;300;88;57;31;409;208;201;118;50;68
719527.462387558;5452989.8145911;543098;Lačnov;7212;Vsetín;857;419;438;144;72;72;596;302;294;117;45;72
399674.524163915;5578909.00643507;543128;Staňkovice;4216;Žatec;910;457;453;143;69;74;640;339;301;127;49;78
661499.318230497;5469873.25545094;543543;Hruška;7108;Prostějov;247;130;117;48;27;21;152;82;70;47;21;26
411576.623586467;5546273.28607445;544248;Pavlíkov;2121;Rakovník;1063;540;523;156;80;76;696;373;323;211;87;124
461960.911832897;5425413.60401207;544256;České Budějovice;3102;České Budějovice;93513;44631;48882;14137;7272;6865;61146;29935;31211;18230;7424;10806
718254.780378912;5463564.93673505;544264;Leskovec;7212;Vsetín;666;334;332;80;38;42;472;250;222;114;46;68
463744.576631583;5430602.67747656;544272;Borek;3102;České Budějovice;1527;738;789;286;160;126;970;454;516;271;124;147
474515.900295915;5415791.92660344;544281;Borovany;3113;Trhové Sviny;4132;1988;2144;694;354;340;2810;1383;1427;628;251;377
457696.552165886;5418717.47052564;544299;Boršov nad Vltavou;3102;České Budějovice;1813;890;923;365;162;203;1241;637;604;207;91;116
713434.909866495;5489232.23409021;544302;Lešná;7210;Valašské Meziříčí;2045;992;1053;317;155;162;1397;703;694;331;134;197
454794.000696512;5428809.28773194;544329;Čejkovice;3102;České Budějovice;360;188;172;66;41;25;253;129;124;41;18;23
489884.900492789;5616573.41293545;544337;Hamr na Jezeře;5101;Česká Lípa;414;215;199;67;37;30;290;150;140;57;28;29
500603.183125821;5616363.21428355;544345;Proseč pod Ještědem;5105;Liberec;349;177;172;53;26;27;233;120;113;63;31;32
500753.134608858;5637096.40173255;544353;Heřmanice;5102;Frýdlant;251;137;114;33;15;18;175;100;75;43;22;21
448661.212271679;5438801.17491058;544361;Dívčice;3102;České Budějovice;550;269;281;86;41;45;353;179;174;111;49;62
721960.92783685;5455437.60497536;544370;Lidečko;7212;Vsetín;1791;916;875;285;150;135;1232;659;573;274;107;167
469140.883581576;5446134.65191394;544388;Dolní Bukovsko;3115;Týn nad Vltavou;1738;878;860;267;134;133;1183;618;565;288;126;162
712098.823656453;5464834.09891447;544396;Liptál;7212;Vsetín;1465;720;745;223;99;124;1002;524;478;240;97;143
463099.828546726;5415369.37886779;544400;Doudleby;3102;České Budějovice;446;235;211;62;34;28;300;168;132;84;33;51
706005.982930372;5479547.80168752;544418;Loučka;7210;Valašské Meziříčí;767;379;388;122;60;62;529;275;254;116;44;72
449716.967275432;5443632.23318806;544426;Dříteň;3102;České Budějovice;1649;828;821;311;154;157;1092;561;531;246;113;133
720559.95286544;5458789.25669928;544434;Lužná;7212;Vsetín;615;309;306;86;40;46;422;228;194;107;41;66
453555.838683242;5425113.49167561;544442;Dubné;3102;České Budějovice;1487;777;710;293;151;142;1004;534;470;190;92;98
474347.605367362;5441603.20922102;544451;Dynín;3102;České Budějovice;320;170;150;37;24;13;221;122;99;62;24;38
722385.754014677;5476142.99953796;544469;Malá Bystřice;7212;Vsetín;299;152;147;32;21;11;206;110;96;61;21;40
501500.691933647;5626796.08514926;544477;Stráž nad Nisou;5105;Liberec;2339;1172;1167;435;222;213;1541;779;762;363;171;192
460144.994864181;5438901.51949405;544485;Hluboká nad Vltavou;3102;České Budějovice;5163;2505;2658;794;382;412;3528;1774;1754;841;349;492
456748.434860237;5421038.22212778;544493;Homole;3102;České Budějovice;1479;738;741;284;151;133;1010;501;509;185;86;99
710775.0316499;5477319.12807389;544507;Mikulůvka;7210;Valašské Meziříčí;765;377;388;161;84;77;480;243;237;124;50;74
479610.587130545;5398856.90993256;544515;Horní Stropnice;3113;Trhové Sviny;1496;784;712;216;111;105;989;548;441;291;125;166
463157.17863168;5435306.69994194;544523;Hosín;3102;České Budějovice;850;442;408;151;87;64;576;296;280;123;59;64
506784.060910902;5606071.34241878;544531;Čtveřín;5109;Turnov;505;268;237;71;34;37;375;207;168;59;27;32
489584.817188587;5408909.10875316;544540;Hranice;3113;Trhové Sviny;217;114;103;33;18;15;148;77;71;36;19;17
461039.785945447;5430277.94158805;544558;Hrdějovice;3102;České Budějovice;1556;773;783;210;101;109;1103;551;552;243;121;122
732331.824089217;5469759.01882667;544566;Nový Hrozenkov;7212;Vsetín;2661;1367;1294;373;199;174;1823;983;840;465;185;280
711871.774584922;5479424.19182163;544574;Oznice;7210;Valašské Meziříčí;429;227;202;65;34;31;286;157;129;78;36;42
505621.471113238;5608123.59104448;544582;Radimovice;5109;Turnov;295;137;158;56;28;28;182;86;96;57;23;34
454559.058992915;5458191.39037517;544591;Chrášťany;3115;Týn nad Vltavou;727;357;370;112;56;56;461;229;232;154;72;82
507657.787730429;5610134.12865281;544604;Žďárek;5109;Turnov;135;70;65;17;7;10;89;46;43;29;17;12
447686.468029013;5423558.92053676;544612;Jankov;3102;České Budějovice;391;205;186;58;35;23;272;141;131;61;29;32
708034.892386442;5481373.29361176;544621;Police;7210;Valašské Meziříčí;568;278;290;93;40;53;385;201;184;90;37;53
481307.18703799;5416895.97837286;544639;Jílovice;3113;Trhové Sviny;962;475;487;136;64;72;628;317;311;198;94;104
449205.598066551;5630105.70984733;544647;Bynovec;4202;Děčín;307;157;150;61;30;31;198;98;100;48;29;19
716013.481564712;5457007.22762155;544655;Pozděchov;7212;Vsetín;589;287;302;92;47;45;386;195;191;111;45;66
459135.682554071;5415013.14473664;544663;Kamenný Újezd;3102;České Budějovice;2307;1123;1184;418;209;209;1498;747;751;391;167;224
715731.424013313;5459224.74954643;544671;Prlov;7212;Vsetín;541;275;266;79;43;36;374;198;176;88;34;54
448796.418731458;5634527.02336181;544680;Janov;4202;Děčín;345;166;179;41;20;21;207;108;99;97;38;59
736629.877392255;5483807.70388113;544698;Prostřední Bečva;7206;Rožnov pod Radhoštěm;1725;837;888;246;119;127;1163;588;575;316;130;186
445955.4306817;5633317.51124521;544701;Labská Stráň;4202;Děčín;225;122;103;26;20;6;157;84;73;42;18;24
649507.223326321;5474664.30050597;544710;Vincencov;7108;Prostějov;126;57;69;12;4;8;84;43;41;30;10;20
712689.017382511;5475286.34561106;544728;Pržno;7212;Vsetín;650;349;301;104;63;41;425;229;196;121;57;64
471051.330057318;5420278.53905354;544736;Ledenice;3102;České Budějovice;2387;1189;1198;400;209;191;1590;817;773;397;163;234
476771.140851548;5423903.40404007;544744;Libín;3102;České Budějovice;407;210;197;81;40;41;267;141;126;59;29;30
568177.364736275;5435612.15402412;544752;Příštpo;6113;Třebíč;274;137;137;30;15;15;185;101;84;59;21;38
453474.823951118;5421952.79191984;544761;Lipí;3102;České Budějovice;635;320;315;101;53;48;439;223;216;95;44;51
471316.68862453;5432206.28629533;544779;Lišov;3102;České Budějovice;4263;2114;2149;683;360;323;2815;1423;1392;765;331;434
711841.708367059;5470974.06578517;544787;Ratiboř;7212;Vsetín;1819;902;917;284;146;138;1237;628;609;298;128;170
458523.345515621;5423416.80613974;544795;Litvínovice;3102;České Budějovice;2482;1217;1265;500;251;249;1710;835;875;272;131;141
466442.867162263;5407522.71997884;544809;Ločenice;3113;Trhové Sviny;694;376;318;116;76;40;456;241;215;122;59;63
477792.897722809;5420303.32458379;544817;Mladošovice;3113;Trhové Sviny;376;213;163;53;30;23;269;151;118;54;32;22
464152.308923689;5419090.20434126;544825;Nedabyle;3102;České Budějovice;360;181;179;59;32;27;241;124;117;60;25;35
542736.998159074;5423931.07300533;544833;Bačkovice;6106;Moravské Budějovice;108;57;51;11;6;5;74;41;33;23;10;13
728559.693233911;5484356.35720333;544841;Rožnov pod Radhoštěm;7206;Rožnov pod Radhoštěm;16541;7968;8573;2277;1198;1079;10931;5438;5493;3333;1332;2001
718079.769881327;5475510.50954089;544850;Růžďka;7212;Vsetín;913;443;470;136;63;73;621;322;299;156;58;98
486443.903475148;5405485.61951456;544868;Nové Hrady;3113;Trhové Sviny;2551;1293;1258;396;216;180;1701;882;819;454;195;259
544056.818338129;5430250.60596312;544876;Lhotice;6106;Moravské Budějovice;160;87;73;27;18;9;106;57;49;27;12;15
479229.628667316;5409659.89397542;544884;Olešnice;3113;Trhové Sviny;791;390;401;140;68;72;516;267;249;135;55;80
455500.062165687;5440394.6459807;544892;Olešník;3102;České Budějovice;799;406;393;123;66;57;559;288;271;117;52;65
715446.231008134;5461982.93676519;544906;Seninka;7212;Vsetín;311;163;148;43;25;18;216;118;98;52;20;32
726712.373413223;5451565.02572695;544914;Střelná;7212;Vsetín;577;290;287;89;46;43;387;203;184;101;41;60
721684.403926696;5481993.8566646;544922;Střítež nad Bečvou;7210;Valašské Meziříčí;850;437;413;141;77;64;534;283;251;175;77;98
725849.424727601;5449352.88155264;544931;Študlov;7209;Valašské Klobouky;507;266;241;71;37;34;351;194;157;85;35;50
727104.899381267;5476794.40028774;544949;Valašská Bystřice;7206;Rožnov pod Radhoštěm;2259;1133;1126;338;159;179;1514;801;713;407;173;234
539834.998570894;5425355.43045515;544957;Lovčovice;6106;Moravské Budějovice;59;27;32;11;5;6;39;19;20;9;3;6
448585.527555231;5430808.21783526;544965;Radošovice;3102;České Budějovice;179;95;84;28;16;12;118;64;54;33;15;18
462047.45503212;5419923.8528333;544973;Roudné;3102;České Budějovice;1217;598;619;250;117;133;847;429;418;120;52;68
466031.856423539;5426222.39173032;544981;Rudolfov;3102;České Budějovice;2541;1277;1264;385;203;182;1650;854;796;506;220;286
718626.213561811;5460870.57022544;544990;Valašská Polanka;7212;Vsetín;1404;714;690;211;106;105;990;528;462;203;80;123
462909.618923136;5411808.32280004;545007;Římov;3102;České Budějovice;875;459;416;157;77;80;581;319;262;137;63;74
448683.537161096;5434824.82022895;545015;Sedlec;3102;České Budějovice;481;241;240;88;48;40;306;152;154;87;41;46
471017.352189043;5406023.8762035;545023;Slavče;3113;Trhové Sviny;636;335;301;103;56;47;434;232;202;99;47;52
540165.885754203;5426676.2413959;545031;Menhartice;6106;Moravské Budějovice;136;69;67;14;2;12;104;59;45;18;8;10
543022.992173127;5425834.41053065;545040;Radotice;6106;Moravské Budějovice;122;60;62;3;1;2;87;46;41;32;13;19
715598.016986511;5483437.31773973;545058;Valašské Meziříčí;7210;Valašské Meziříčí;22449;10842;11607;3256;1658;1598;14759;7414;7345;4434;1770;2664
466420.098704586;5422098.91707751;545066;Srubec;3102;České Budějovice;2307;1183;1124;434;215;219;1627;854;773;246;114;132
464494.319887949;5421297.00578353;545074;Staré Hodějovice;3102;České Budějovice;1140;554;586;179;95;84;813;393;420;148;66;82
467866.144262589;5415846.52316459;545082;Strážkovice;3102;České Budějovice;478;238;240;76;44;32;327;157;170;75;37;38
465252.743743916;5415401.45337372;545091;Střížov;3102;České Budějovice;208;102;106;31;16;15;146;74;72;31;12;19
463433.535988317;5407085.36163722;545104;Svatý Jan nad Malší;3113;Trhové Sviny;553;276;277;94;47;47;388;202;186;71;27;44
723600.821145609;5449680.97021386;545112;Valašské Příkazy;7209;Valašské Klobouky;298;145;153;51;25;26;203;101;102;44;19;25
469481.739795583;5439201.41779666;545121;Ševětín;3102;České Budějovice;1372;652;720;234;119;115;920;442;478;218;91;127
475971.349044456;5427041.17458496;545139;Štěpánovice;3102;České Budějovice;849;433;416;169;93;76;549;288;261;131;52;79
720205.604637263;5479943.52249695;545147;Velká Lhota;7210;Valašské Meziříčí;497;247;250;85;37;48;316;163;153;96;47;49
454828.653771769;5447376.70477407;545155;Temelín;3115;Týn nad Vltavou;867;469;398;145;95;50;560;309;251;162;65;97
742155.336949989;5473500.74546744;545163;Velké Karlovice;7212;Vsetín;2507;1236;1271;335;172;163;1673;861;812;499;203;296
472264.02981335;5410350.42825326;545171;Trhové Sviny;3113;Trhové Sviny;5094;2579;2515;824;433;391;3433;1762;1671;837;384;453
545512.246617162;5428025.85543614;545180;Slavíkovice;6106;Moravské Budějovice;205;110;95;29;15;14;144;82;62;32;13;19
724543.67861336;5481092.63850062;545198;Vidče;7206;Rožnov pod Radhoštěm;1717;862;855;266;147;119;1159;590;569;292;125;167
458861.106790818;5453809.49698823;545201;Týn nad Vltavou;3115;Týn nad Vltavou;8034;3982;4052;1236;616;620;5569;2835;2734;1229;531;698
731055.327548124;5480808.54673088;545210;Vigantice;7206;Rožnov pod Radhoštěm;1063;524;539;184;98;86;710;354;356;169;72;97
460572.530624136;5419186.63420503;545228;Včelná;3102;České Budějovice;1751;865;886;286;153;133;1141;565;576;324;147;177
720376.725270493;5485489.57108654;545236;Zašová;7210;Valašské Meziříčí;2989;1495;1494;502;268;234;1997;1028;969;490;199;291
724981.568508839;5460909.38677201;545244;Zděchov;7212;Vsetín;587;278;309;70;26;44;412;209;203;105;43;62
724450.515621278;5486425.56748355;545252;Zubří;7206;Rožnov pod Radhoštěm;5579;2791;2788;915;473;442;3708;1896;1812;956;422;534
453142.573940538;5418540.08594422;545261;Vrábče;3102;České Budějovice;741;355;386;134;59;75;507;250;257;100;46;54
676121.664458655;5512397.45794626;545279;Domašov nad Bystřicí;7110;Šternberk;512;253;259;82;45;37;350;177;173;80;31;49
452286.766223708;5452142.77297137;545287;Všemyslice;3115;Týn nad Vltavou;1090;570;520;166;87;79;751;408;343;173;75;98
610279.83105254;5469017.4139243;545295;Skalička;6217;Tišnov;154;84;70;16;8;8;112;63;49;26;13;13
567588.793258292;5450161.54545241;545309;Kožichovice;6113;Třebíč;399;195;204;71;38;33;254;123;131;74;34;40
444815.167849006;5426217.20588087;545317;Záboří;3102;České Budějovice;356;181;175;57;29;28;251;128;123;48;24;24
596667.342392887;5405990.60193552;545325;Velký Karlov;6220;Znojmo;416;196;220;53;28;25;291;141;150;72;27;45
454119.492317665;5434364.73403465;545341;Zliv;3102;České Budějovice;3512;1724;1788;477;246;231;2318;1185;1133;717;293;424
450114.388374523;5427911.59934193;545368;Žabovřesky;3102;České Budějovice;420;222;198;55;29;26;293;160;133;72;33;39
478540.121021854;5405278.2223324;545376;Žár;3113;Trhové Sviny;343;171;172;39;18;21;249;128;121;55;25;30
463587.385671156;5449532.73436148;545384;Žimutice;3115;Týn nad Vltavou;600;305;295;85;38;47;409;219;190;106;48;58
449588.295348284;5406876.01834596;545392;Český Krumlov;3103;Český Krumlov;13160;6392;6768;2038;1034;1004;8616;4287;4329;2506;1071;1435
472386.297013679;5397752.86178943;545406;Benešov nad Černou;3106;Kaplice;1363;686;677;202;101;101;956;489;467;205;96;109
467405.950518529;5404017.19278817;545414;Besednice;3106;Kaplice;835;403;432;141;68;73;547;275;272;147;60;87
432838.774076793;5411554.89435007;545422;Boletice;3103;Český Krumlov;277;147;130;58;26;32;196;110;86;23;11;12
442324.612801226;5420192.25355481;545431;Brloh;3103;Český Krumlov;1067;573;494;173;102;71;717;395;322;177;76;101
459656.246620001;5394265.02824392;545449;Bujanov;3106;Kaplice;548;286;262;114;59;55;348;186;162;86;41;45
434351.01552742;5397226.73203114;545457;Černá v Pošumaví;3103;Český Krumlov;845;435;410;141;71;70;551;295;256;153;69;84
461344.690479124;5388567.38825082;545465;Dolní Dvořiště;3106;Kaplice;1282;651;631;221;117;104;886;460;426;175;74;101
456070.525091804;5412555.10858154;545473;Dolní Třebonín;3103;Český Krumlov;1303;637;666;239;115;124;908;457;451;156;65;91
437744.330207998;5392496.10547543;545481;Frymburk;3103;Český Krumlov;1295;660;635;190;102;88;902;468;434;203;90;113
450594.176578562;5414327.84588031;545490;Holubov;3103;Český Krumlov;1097;528;569;205;92;113;706;346;360;186;90;96
455854.366197003;5383886.3800584;545503;Horní Dvořiště;3106;Kaplice;477;242;235;75;40;35;334;174;160;68;28;40
427780.305934756;5401358.5020419;545511;Horní Planá;3103;Český Krumlov;2114;1063;1051;263;135;128;1394;740;654;457;188;269
439981.473155819;5402130.03310278;545520;Hořice na Šumavě;3103;Český Krumlov;818;421;397;133;74;59;569;296;273;116;51;65
455177.314451446;5618559.612958;545538;Starý Šachov;4202;Děčín;202;105;97;23;12;11;138;71;67;41;22;19
442270.225225557;5413178.37139234;545546;Chvalšiny;3103;Český Krumlov;1255;645;610;210;111;99;849;441;408;196;93;103
445315.615498962;5407655.36649541;545554;Kájov;3103;Český Krumlov;1755;873;882;356;184;172;1181;592;589;218;97;121
463579.512498517;5399184.09714294;545562;Kaplice;3106;Kaplice;7064;3571;3493;1103;602;501;4820;2475;2345;1141;494;647
448324.610992815;5417337.28823247;545571;Křemže;3103;Český Krumlov;2855;1427;1428;517;275;242;1885;955;930;453;197;256
441897.804101748;5388379.37949414;545597;Lipno nad Vltavou;3103;Český Krumlov;663;338;325;106;49;57;442;232;210;115;57;58
444153.524684741;5384210.59913057;545601;Loučovice;3103;Český Krumlov;1689;866;823;230;132;98;1139;595;544;320;139;181
468845.520049863;5392101.7179328;545619;Malonty;3106;Kaplice;1369;690;679;277;137;140;950;488;462;142;65;77
454392.445505621;5406602.25907982;545627;Mirkovice;3103;Český Krumlov;436;226;210;72;33;39;301;162;139;63;31;32
460498.072859068;5404414.4393729;545643;Netřebice;3106;Kaplice;469;246;223;69;42;27;332;171;161;68;33;35
458928.423291777;5397475.12242158;545660;Omlenice;3106;Kaplice;543;283;260;93;44;49;392;212;180;58;27;31
454508.659335323;5625492.34425559;545678;Markvartice;4202;Děčín;691;349;342;111;51;60;461;238;223;119;60;59
475336.99437686;5387694.32094246;545694;Pohorská Ves;3106;Kaplice;264;146;118;56;28;28;182;104;78;26;14;12
451837.493115576;5653199.82841463;545708;Lobendava;4212;Rumburk;301;171;130;40;18;22;214;127;87;47;26;21
434253.670273943;5386684.76908103;545716;Přední Výtoň;3103;Český Krumlov;243;127;116;17;9;8;147;77;70;79;41;38
452645.1781171;5401605.53694691;545724;Přídolí;3103;Český Krumlov;682;358;324;146;72;74;472;251;221;64;35;29
451559.667517306;5409049.63925207;545732;Přísečná;3103;Český Krumlov;196;95;101;26;12;14;135;66;69;35;17;18
451903.164443671;5389919.53366762;545767;Rožmberk nad Vltavou;3103;Český Krumlov;350;188;162;54;29;25;246;135;111;50;24;26
455296.154989577;5395350.83282527;545775;Rožmitál na Šumavě;3106;Kaplice;408;214;194;67;33;34;282;150;132;59;31;28
450240.400446939;5625060.88889332;545783;Dobrná;4202;Děčín;447;244;203;82;40;42;297;170;127;68;34;34
454098.21057517;5615370.06068118;545791;Merboltice;4202;Děčín;192;95;97;32;17;15;130;66;64;30;12;18
467052.400436222;5401523.71680811;545805;Soběnov;3106;Kaplice;364;191;173;57;38;19;243;123;120;64;30;34
441772.56715332;5397594.71617234;545813;Světlík;3103;Český Krumlov;228;120;108;39;19;20;156;87;69;33;14;19
460080.797803855;5408402.28683429;545821;Velešín;3106;Kaplice;3913;1944;1969;589;287;302;2676;1368;1308;648;289;359
448908.027220151;5398354.77998529;545830;Větřní;3103;Český Krumlov;3993;2053;1940;702;369;333;2714;1428;1286;577;256;321
449666.070041471;5384575.27944089;545848;Vyšší Brod;3103;Český Krumlov;2528;1263;1265;412;206;206;1735;893;842;381;164;217
453227.383253978;5621996.72614394;545856;Dolní Habartice;4202;Děčín;569;292;277;90;43;47;385;211;174;94;38;56
452949.771904694;5411534.04537872;545864;Zlatá Koruna;3103;Český Krumlov;768;370;398;134;67;67;502;240;262;132;63;69
457174.313657134;5405667.52485822;545872;Zubčice;3103;Český Krumlov;429;221;208;82;46;36;278;149;129;69;26;43
499435.766757376;5444673.85124887;545881;Jindřichův Hradec;3105;Jindřichův Hradec;21551;10225;11326;3255;1627;1628;14092;6855;7237;4204;1743;2461
452563.487593284;5619813.19283963;545899;Františkov nad Ploučnicí;4202;Děčín;392;199;193;49;31;18;263;137;126;80;31;49
402922.702302716;5427209.68672339;545902;Borová Lada;3116;Vimperk;286;142;144;46;20;26;202;104;98;38;18;20
453644.346671055;5623775.93054202;545929;Horní Habartice;4202;Děčín;393;194;199;57;24;33;250;132;118;86;38;48
507848.669661836;5605989.57507509;545937;Lažany;5109;Turnov;224;101;123;35;14;21;152;71;81;37;16;21
507817.234527972;5607971.65609174;545953;Paceřice;5109;Turnov;328;166;162;55;32;23;202;102;100;71;32;39
502559.254537839;5650520.88326929;545996;Černousy;5102;Frýdlant;342;178;164;55;30;25;230;119;111;57;29;28
411494.772616458;5575718.47886566;546011;Jimlín;4207;Louny;876;452;424;145;79;66;577;305;272;154;68;86
542697.043537482;5437356.12776012;546020;Budeč;3104;Dačice;213;112;101;32;20;12;155;81;74;26;11;15
538276.10147714;5434625.1686933;546038;Budíškovice;3104;Dačice;738;390;348;106;57;49;498;277;221;134;56;78
529334.246216577;5430326.76696121;546054;Cizkrajov;3104;Dačice;553;284;269;82;45;37;355;186;169;116;53;63
392192.593708841;5591646.36724321;546062;Pesvice;4203;Chomutov;135;68;67;27;12;15;90;44;46;18;12;6
383511.835494459;5573554.08947458;546071;Račetice;4204;Kadaň;399;202;197;57;33;24;298;150;148;44;19;25
495884.661662012;5402446.34846771;546089;České Velenice;3114;Třeboň;3429;1703;1726;555;278;277;2335;1202;1133;539;223;316
521130.668067967;5435175.41335037;546097;Český Rudolec;3104;Dačice;929;462;467;131;61;70;617;322;295;181;79;102
504387.790924134;5434032.82420354;546101;Číměř;3105;Jindřichův Hradec;710;381;329;115;65;50;477;254;223;118;62;56
531113.092810267;5437244.43227326;546127;Dačice;3104;Dačice;7472;3667;3805;1043;531;512;4941;2510;2431;1488;626;862
538985.609663752;5422197.7998579;546143;Dešná;3104;Dačice;610;312;298;86;43;43;407;214;193;117;55;62
494126.329084203;5456985.77247135;546151;Deštná;3105;Jindřichův Hradec;769;377;392;124;65;59;494;250;244;151;62;89
392520.514724733;5585975.04355576;546160;Nezabylice;4203;Chomutov;204;99;105;25;12;13;156;78;78;23;9;14
424718.422593805;5572508.69598302;546178;Úherce;4207;Louny;80;40;40;12;7;5;45;23;22;23;10;13
435927.620747615;5616134.83446224;546186;Ryjice;4214;Ústí nad Labem;188;93;95;28;13;15;130;66;64;30;14;16
533590.370286576;5509325.89728851;546194;Bačkov;6102;Havlíčkův Brod;122;64;58;14;7;7;84;46;38;24;11;13
552726.125751203;5501389.09189223;546216;Jitkov;6104;Chotěboř;239;119;120;43;19;24;171;89;82;25;11;14
461420.514979918;5611860.93276204;546232;Kozly;5101;Česká Lípa;150;79;71;29;18;11;101;53;48;20;8;12
464132.026478699;5611323.47799965;546259;Kvítkov;5101;Česká Lípa;232;120;112;33;17;16;161;88;73;38;15;23
461397.081991747;5600554.98157699;546267;Tuhaň;5101;Česká Lípa;281;154;127;50;33;17;175;96;79;56;25;31
463252.640847454;5622056.19137789;546275;Slunečná;5106;Nový Bor;129;73;56;15;9;6;90;50;40;24;14;10
471714.227666534;5618574.3665076;546283;Svojkov;5106;Nový Bor;237;128;109;42;22;20;167;93;74;28;13;15
490251.284216233;5440087.95755189;546291;Hatín;3105;Jindřichův Hradec;198;96;102;18;7;11;138;72;66;42;17;25
520747.896342481;5441594.58603148;546305;Heřmaneč;3104;Dačice;85;41;44;11;3;8;57;30;27;17;8;9
459136.290375791;5631385.92066473;546330;Kunratice;4202;Děčín;257;125;132;50;21;29;159;81;78;48;23;25
453635.027496944;5630485.04864433;546348;Srbská Kamenice;4202;Děčín;263;131;132;53;25;28;159;84;75;51;22;29
502239.874467538;5438062.73937726;546364;Horní Pěna;3105;Jindřichův Hradec;594;289;305;92;48;44;404;198;206;98;43;55
366715.342528502;5488662.30178189;546372;Buková;3210;Přeštice;223;117;106;36;20;16;147;79;68;40;18;22
500330.57015333;5456981.50640353;546381;Horní Radouň;3105;Jindřichův Hradec;235;122;113;26;16;10;151;81;70;58;25;33
408639.819318863;5496569.32926003;546399;Míšov;3201;Blovice;113;58;55;16;10;6;80;42;38;17;6;11
506042.217696685;5440983.64270708;546402;Hospříz;3105;Jindřichův Hradec;411;208;203;63;26;37;296;159;137;52;23;29
371220.762494995;5506411.60546491;546411;Úherce;3208;Nýřany;354;179;175;70;37;33;236;120;116;48;22;26
416771.600709722;5584512.94027498;546429;Chraberce;4207;Louny;127;74;53;16;8;8;87;53;34;24;13;11
407201.251153322;5587109.17902496;546437;Volevčice;4209;Most;103;50;53;15;8;7;73;38;35;15;4;11
537284.121169319;5439469.85305902;546445;Hříšice;3104;Dačice;317;157;160;52;33;19;220;110;110;45;14;31
447912.489847164;5628938.80980808;546453;Kámen;4202;Děčín;224;113;111;45;21;24;151;78;73;28;14;14
494403.281632914;5424950.61878918;546461;Chlum u Třeboně;3114;Třeboň;1981;985;996;228;112;116;1255;642;613;498;231;267
560003.13662998;5580371.08560383;546470;Litíč;5203;Dvůr Králové nad Labem;164;75;89;32;17;15;112;49;63;20;9;11
409242.724716924;5518811.58315837;546488;Sirá;3211;Rokycany;136;71;65;26;17;9;86;44;42;24;10;14
447181.858824713;5628374.93525416;546496;Ludvíkovice;4202;Děčín;940;472;468;173;97;76;615;306;309;152;69;83
505584.826243585;5450520.87260649;546500;Jarošov nad Nežárkou;3105;Jindřichův Hradec;1109;556;553;165;88;77;760;389;371;184;79;105
358039.672328986;5586195.5525018;546518;Loučná pod Klínovcem;4204;Kadaň;114;69;45;18;7;11;74;48;26;22;14;8
405427.729294049;5517373.37725937;546526;Těškov;3211;Rokycany;304;146;158;35;22;13;203;99;104;66;25;41
413596.675439786;5524785.54061338;546534;Týček;3211;Rokycany;198;100;98;21;13;8;135;70;65;42;17;25
488320.350067255;5445703.08011145;546542;Kardašova Řečice;3105;Jindřichův Hradec;2266;1139;1127;344;174;170;1490;793;697;432;172;260
397058.316507208;5523846.30742018;546551;Újezd u Svatého Kříže;3211;Rokycany;229;123;106;17;11;6;152;86;66;60;26;34
511929.052389079;5613740.810022;546577;Pulečný;5103;Jablonec nad Nisou;401;199;202;73;34;39;280;144;136;48;21;27
517815.765674772;5623387.17582944;546585;Jiřetín pod Bukovou;5108;Tanvald;489;248;241;42;24;18;339;179;160;108;45;63
500778.601922948;5631381.6462569;546593;Nová Ves;5105;Liberec;859;430;429;147;66;81;579;302;277;133;62;71
502944.788570592;5637244.63962866;546607;Dětřichov;5102;Frýdlant;689;339;350;116;55;61;465;237;228;108;47;61
515885.361756264;5439255.42609823;546615;Kunžak;3105;Jindřichův Hradec;1474;752;722;214;112;102;964;508;456;296;132;164
497927.571777409;5435310.96758283;546623;Lásenice;3105;Jindřichův Hradec;575;305;270;102;52;50;399;223;176;74;30;44
518389.516670243;5634677.76837019;546631;Bílý Potok;5102;Frýdlant;689;351;338;100;50;50;456;234;222;133;67;66
496329.269823618;5616947.0626863;546658;Janův Důl;5105;Liberec;166;83;83;29;16;13;109;55;54;28;12;16
497099.900261445;5451496.9923259;546666;Lodhéřov;3105;Jindřichův Hradec;672;357;315;105;61;44;460;253;207;107;43;64
479553.994318713;5436388.61120592;546674;Lomnice nad Lužnicí;3114;Třeboň;1777;875;902;272;148;124;1169;584;585;336;143;193
426782.009342275;5588426.59838178;546691;Lkáň;4208;Lovosice;188;105;83;28;17;11;136;77;59;24;11;13
488409.112810968;5423785.17569174;546712;Majdalena;3114;Třeboň;509;257;252;81;38;43;342;185;157;86;34;52
430389.974531276;5589076.43142059;546721;Sedlec;4208;Lovosice;208;102;106;32;20;12;141;67;74;35;15;20
451040.342293809;5590485.72278975;546755;Brzánky;4211;Roudnice nad Labem;76;43;33;13;8;5;43;24;19;20;11;9
447226.943021562;5600603.05875484;546763;Horní Řepčice;4205;Litoměřice;102;44;58;15;5;10;64;31;33;23;8;15
434785.931060913;5601643.74352809;546771;Kamýk;4205;Litoměřice;153;81;72;23;14;9;102;56;46;28;11;17
444323.528355414;5600781.9337504;546780;Býčkovice;4205;Litoměřice;280;146;134;37;18;19;202;111;91;41;17;24
510250.900676245;5430875.83457726;546798;Nová Bystřice;3105;Jindřichův Hradec;3316;1657;1659;479;245;234;2236;1154;1082;601;258;343
505579.463682157;5453295.3944642;546801;Nová Včelnice;3105;Jindřichův Hradec;2278;1117;1161;301;149;152;1473;753;720;504;215;289
442294.744428677;5603529.74886593;546810;Chudoslavice;4205;Litoměřice;165;89;76;31;15;16;112;63;49;22;11;11
441252.063360874;5604697.14414055;546828;Staňkovice;4205;Litoměřice;46;33;13;1;1;0;38;28;10;7;4;3
486289.841887028;5436828.14854946;546844;Novosedly nad Nežárkou;3114;Třeboň;653;335;318;93;51;42;439;224;215;121;60;61
446794.43151976;5589420.90418206;546852;Černěves;4211;Roudnice nad Labem;217;111;106;31;13;18;152;79;73;34;19;15
413937.570343315;5581642.10391852;546861;Dobroměřice;4207;Louny;1425;711;714;258;138;120;941;456;485;226;117;109
414106.200180298;5574332.92890488;546879;Líšťany;4207;Louny;438;220;218;56;26;30;283;153;130;99;41;58
417662.566204883;5581184.40025015;546887;Vršovice;4207;Louny;246;121;125;33;18;15;153;74;79;60;29;31
415228.638672525;5572602.38189925;546895;Brodec;4207;Louny;85;42;43;8;2;6;58;28;30;19;12;7
420549.308801222;5597206.36603826;546909;Lukov;4201;Bílina;129;69;60;14;10;4;86;44;42;29;15;14
531596.85028216;5424559.97714343;546917;Písečné;3104;Dačice;540;264;276;82;39;43;361;186;175;97;39;58
431584.718856168;5607471.42061078;546925;Stebno;4214;Ústí nad Labem;466;244;222;61;37;24;329;168;161;76;39;37
561872.801467087;5457456.86319831;546933;Okřešice;6113;Třebíč;183;96;87;39;22;17;114;58;56;30;16;14
580550.424234752;5411885.50651976;546941;Dobšice;6220;Znojmo;2468;1273;1195;357;179;178;1802;936;866;309;158;151
677504.934563182;5532528.17335176;546950;Nová Pláň;8103;Bruntál;57;29;28;8;6;2;43;20;23;6;3;3
492314.427780071;5452148.56619351;546968;Pluhův Žďár;3105;Jindřichův Hradec;603;318;285;87;52;35;395;214;181;121;52;69
672856.778702259;5512462.94501238;546976;Hraničné Petrovice;7110;Šternberk;129;69;60;12;8;4;92;49;43;25;12;13
716123.77811719;5513251.55121889;546984;Bílov;8101;Bílovec;585;292;293;112;58;54;384;195;189;89;39;50
514908.340483022;5451507.62230441;546992;Popelín;3105;Jindřichův Hradec;505;265;240;85;55;30;322;165;157;98;45;53
721328.370693214;5493853.75416088;547000;Životice u Nového Jičína;8115;Nový Jičín;615;309;306;96;54;42;397;195;202;122;60;62
655475.82953365;5505970.87487112;547018;Střeň;7105;Litovel;608;321;287;107;64;43;398;213;185;103;44;59
667500.186587379;5496308.15764823;547026;Bystrovany;7107;Olomouc;1040;532;508;203;111;92;720;370;350;117;51;66
496782.435541375;5413989.11152027;547069;Rapšach;3114;Třeboň;558;287;271;96;47;49;377;201;176;85;39;46
667816.507443401;5500006.28981963;547077;Samotišky;7107;Olomouc;1357;656;701;273;140;133;862;423;439;222;93;129
504297.731218732;5445580.13901031;547085;Rodvínov;3105;Jindřichův Hradec;579;306;273;110;57;53;407;220;187;62;29;33
664233.225006823;5519387.21384306;547093;Mutkov;7110;Šternberk;51;29;22;7;4;3;34;20;14;10;5;5
661311.781476253;5514996.77366664;547123;Komárov;7110;Šternberk;167;92;75;24;10;14;114;67;47;29;15;14
692100.338923503;5519417.92415912;547131;Svatoňovice;8122;Vítkov;267;128;139;53;24;29;186;93;93;28;11;17
523660.651846464;5428947.73507029;547166;Slavonice;3104;Dačice;2468;1247;1221;333;167;166;1682;888;794;453;192;261
726732.844932855;5533880.60772267;547182;Kozmice;8109;Hlučín;1888;912;976;290;137;153;1261;645;616;337;130;207
698548.37884723;5533648.86714237;547191;Jezdkovice;8117;Opava;235;120;115;28;13;15;163;85;78;44;22;22
533643.858951753;5429019.48176821;547204;Staré Hobzí;3104;Dačice;538;273;265;88;40;48;358;194;164;92;39;53
516451.608791812;5427024.09635477;547212;Staré Město pod Landštejnem;3105;Jindřichův Hradec;474;250;224;68;35;33;316;177;139;90;38;52
497213.8739745;5431877.9173516;547221;Stráž nad Nežárkou;3105;Jindřichův Hradec;868;419;449;132;55;77;564;289;275;172;75;97
514453.125321472;5446272.48384759;547239;Strmilov;3105;Jindřichův Hradec;1421;697;724;192;96;96;937;479;458;292;122;170
492042.252010717;5429941.87637503;547247;Stříbřec;3114;Třeboň;436;216;220;52;26;26;267;140;127;117;50;67
525951.633290042;5461245.40161392;547255;Švábov;6105;Jihlava;69;32;37;7;5;2;42;17;25;20;10;10
521899.498243407;5447340.74140908;547263;Studená;3104;Dačice;2331;1164;1167;342;181;161;1520;786;734;469;197;272
490343.314916052;5414865.04729823;547280;Suchdol nad Lužnicí;3114;Třeboň;3591;1756;1835;493;242;251;2335;1192;1143;763;322;441
484208.989693441;5428393.53655316;547336;Třeboň;3114;Třeboň;8394;3999;4395;1203;620;583;5383;2651;2732;1808;728;1080
674521.325682067;5473775.67449961;547433;Vlkoš;7109;Přerov;710;356;354;112;65;47;446;235;211;152;56;96
525080.450990676;5441742.6977466;547441;Volfířov;3104;Dačice;725;380;345;123;74;49;488;259;229;114;47;67
679027.135646494;5492519.29289779;547450;Výkleky;7109;Přerov;278;136;142;40;19;21;188;93;95;50;24;26
517710.213834802;5449262.59663954;547468;Zahrádky;3105;Jindřichův Hradec;256;121;135;43;18;25;157;76;81;56;27;29
527811.867614009;5620915.35465055;547476;Paseky nad Jizerou;5104;Jilemnice;244;122;122;27;10;17;164;89;75;53;23;30
517495.006752384;5596618.71864805;547484;Ktová;5109;Turnov;201;102;99;28;16;12;131;69;62;42;17;25
516622.147835134;5474220.57221327;547492;Pelhřimov;6110;Pelhřimov;16124;7818;8306;2302;1152;1150;10679;5358;5321;3143;1308;1835
676055.464133654;5487342.06628991;547514;Zábeštní Lhota;7109;Přerov;168;73;95;26;11;15;108;49;59;34;13;21
564462.275758846;5580555.38398945;547531;Hořenice;5206;Jaroměř;142;79;63;20;13;7;86;50;36;36;16;20
501163.513827752;5462039.29595705;547549;Bohdalín;6110;Pelhřimov;173;94;79;19;11;8;117;63;54;37;20;17
572376.364460939;5585875.82445126;547565;Vestec;5209;Náchod;173;88;85;29;15;14;129;68;61;15;5;10
511461.178305955;5466775.6908401;547581;Božejov;6110;Pelhřimov;650;333;317;109;56;53;425;230;195;116;47;69
500365.594089375;5485352.14715905;547603;Bratřice;6109;Pacov;148;77;71;14;10;4;102;54;48;32;13;19
526160.701026629;5492499.22609296;547638;Budíkov;6103;Humpolec;317;165;152;55;32;23;211;107;104;51;26;25
584798.750902884;5590589.7000601;547646;Velké Poříčí;5209;Náchod;2395;1171;1224;384;175;209;1487;756;731;524;240;284
572079.62983667;5576610.64604901;547654;Šestajovice;5206;Jaroměř;180;99;81;23;16;7;120;67;53;37;16;21
496712.286916255;5478094.47548576;547662;Cetoraz;6109;Pacov;292;157;135;28;12;16;200;113;87;64;32;32
500227.762327441;5493079.0471946;547689;Čáslavsko;6109;Pacov;107;53;54;14;4;10;47;27;20;46;22;24
584954.842650248;5578957.209929;547701;Libchyně;5211;Nové Město nad Metují;68;34;34;14;4;10;42;25;17;12;5;7
512971.321292098;5461731.77726081;547719;Častrov;6110;Pelhřimov;575;295;280;100;45;55;346;192;154;129;58;71
585433.999873297;5580253.3842345;547727;Sendraž;5211;Nové Město nad Metují;101;55;46;15;7;8;68;40;28;18;8;10
527930.352798361;5490191.50190489;547735;Čejov;6103;Humpolec;570;293;277;120;62;58;377;195;182;73;36;37
585602.208592252;5608095.15527501;547743;Vernéřovice;5201;Broumov;331;179;152;48;22;26;229;129;100;54;28;26
587105.563548154;5601087.95324267;547751;Bukovice;5209;Náchod;361;192;169;47;27;20;246;133;113;68;32;36
497858.603712924;5467445.61314116;547760;Černovice;6110;Pelhřimov;1735;849;886;227;109;118;1149;590;559;359;150;209
512911.305239164;5482648.82442724;547778;Červená Řečice;6110;Pelhřimov;997;498;499;135;62;73;634;343;291;228;93;135
577547.978207488;5608225.72690003;547786;Adršpach;5201;Broumov;514;252;262;60;31;29;369;181;188;85;40;45
556659.579128854;5519503.52083317;547794;Hodonín;5304;Chrudim;90;46;44;13;7;6;60;33;27;17;6;11
550878.755195373;5535291.32585903;547808;Rozhovice;5304;Chrudim;284;151;133;50;29;21;192;105;87;42;17;25
568606.489906995;5510492.72332376;547816;Jeníkov;5302;Hlinsko;461;225;236;89;48;41;306;151;155;66;26;40
554632.68499228;5523513.42492442;547824;Křižanovice;5304;Chrudim;113;54;59;17;10;7;72;36;36;24;8;16
556102.884653746;5524932.5524638;547832;Licibořice;5304;Chrudim;240;112;128;44;25;19;156;73;83;40;14;26
543660.496267146;5530184.7010846;547841;Vyžice;5304;Chrudim;194;91;103;32;14;18;121;58;63;41;19;22
566711.728961455;5531156.38259355;547859;Zájezdec;5304;Chrudim;131;66;65;22;11;11;81;42;39;28;13;15
581202.812967365;5519877.92439297;547867;Bor u Skutče;5304;Chrudim;139;66;73;16;7;9;91;47;44;32;12;20
539249.652968659;5529503.57953172;547875;Lipovec;5304;Chrudim;232;108;124;30;12;18;151;74;77;51;22;29
518973.75081794;5494571.19736697;547883;Hojanovice;6103;Humpolec;99;49;50;15;6;9;64;35;29;20;8;12
553278.51459735;5530678.99644827;547891;Stolany;5304;Chrudim;372;184;188;56;28;28;258;127;131;58;29;29
606610.358200289;5527244.13348098;547905;Rybník;5301;Česká Třebová;827;404;423;138;62;76;563;290;273;126;52;74
523794.687341294;5464077.7465936;547913;Horní Cerekev;6110;Pelhřimov;1827;912;915;250;124;126;1228;644;584;349;144;205
612798.551973047;5522373.72688808;547921;Trpík;5306;Lanškroun;83;43;40;20;11;9;47;25;22;16;7;9
522516.603778858;5459677.68898605;547930;Horní Ves;6110;Pelhřimov;295;147;148;50;25;25;197;105;92;48;17;31
507233.278795547;5484095.01586005;547948;Hořepník;6110;Pelhřimov;635;315;320;85;47;38;421;214;207;129;54;75
513709.005349796;5493367.68939805;547956;Hořice;6103;Humpolec;190;95;95;12;7;5;128;66;62;50;22;28
614024.592525761;5545177.67011559;547964;Sobkovice;5315;Žamberk;250;127;123;34;15;19;162;87;75;54;25;29
595911.656623951;5535919.81814994;547972;Hrádek;5313;Ústí nad Orlicí;104;52;52;17;7;10;73;41;32;14;4;10
619105.976057117;5531716.69669781;547981;Albrechtice;5306;Lanškroun;462;231;231;65;31;34;316;162;154;81;38;43
524707.441489935;5486638.20530292;547999;Humpolec;6103;Humpolec;10877;5354;5523;1534;811;723;7094;3626;3468;2249;917;1332
585762.835066159;5543006.64437862;548006;Bošín;5314;Vysoké Mýto;95;50;45;14;8;6;70;37;33;11;5;6
603057.068490464;5533068.19733096;548014;Dlouhá Třebová;5313;Ústí nad Orlicí;1274;635;639;198;101;97;904;460;444;172;74;98
590314.002597297;5534195.21830762;548022;Vračovice-Orlov;5314;Vysoké Mýto;184;98;86;29;13;16;122;70;52;33;15;18
602770.83249991;5547209.69867862;548031;Dlouhoňovice;5315;Žamberk;805;401;404;148;78;70;562;281;281;95;42;53
602233.20979314;5550535.82378686;548049;Helvíkovice;5315;Žamberk;489;246;243;92;49;43;313;160;153;84;37;47
554095.858045761;5574547.63235157;548057;Vrchovnice;5205;Hradec Králové;66;29;37;6;3;3;47;23;24;13;3;10
541582.270619461;5556368.99181;548065;Obědovice;5205;Hradec Králové;280;150;130;42;29;13;172;93;79;66;28;38
517121.672792214;5495632.91750689;548073;Ježov;6103;Humpolec;59;31;28;7;1;6;41;24;17;11;6;5
522164.110119559;5489464.80193295;548081;Jiřice;6103;Humpolec;888;450;438;148;81;67;581;300;281;159;69;90
521657.324648207;5493885.67497069;548090;Kaliště;6103;Humpolec;354;189;165;60;38;22;228;126;102;66;25;41
501545.94226847;5475092.35265196;548103;Kámen;6109;Pacov;268;131;137;37;14;23;189;100;89;42;17;25
506075.641780009;5462077.9788414;548111;Kamenice nad Lipou;6110;Pelhřimov;3798;1890;1908;492;251;241;2542;1315;1227;764;324;440
529209.280744742;5492888.2658042;548120;Kejžlice;6103;Humpolec;363;181;182;62;27;35;246;126;120;55;28;27
519150.177970793;5492280.64590153;548146;Koberovice;6103;Humpolec;156;84;72;23;14;9;96;54;42;37;16;21
555610.453338169;5567292.80838527;548154;Světí;5205;Hradec Králové;324;171;153;59;34;25;209;111;98;56;26;30
524756.592119929;5484264.60901717;548162;Komorovice;6103;Humpolec;192;95;97;37;19;18;124;66;58;31;10;21
507993.434545251;5489357.24637733;548171;Košetice;6110;Pelhřimov;694;343;351;111;46;65;471;243;228;112;54;58
521372.415391468;5499427.27638325;548189;Kouty;6111;Světlá nad Sázavou;190;95;95;34;15;19;111;68;43;45;12;33
543818.750555902;5509470.35521144;548197;Nejepín;6104;Chotěboř;65;35;30;8;6;2;39;21;18;18;8;10
493895.829094545;5470199.5587321;548201;Křeč;6110;Pelhřimov;221;116;105;23;13;10;139;77;62;59;26;33
512064.007116218;5487710.58489535;548219;Křelovice;6110;Pelhřimov;348;169;179;48;25;23;211;105;106;89;39;50
503627.086106751;5492303.95475887;548227;Křešín;6110;Pelhřimov;147;74;73;17;7;10;89;50;39;41;17;24
506198.268463635;5475320.70580208;548235;Leskovice;6110;Pelhřimov;98;53;45;10;8;2;67;39;28;21;6;15
519663.311110939;5496885.1248346;548243;Horní Paseka;6111;Světlá nad Sázavou;69;39;30;2;2;0;45;29;16;22;8;14
531801.212109301;5519392.88520614;548251;Podmoky;6102;Havlíčkův Brod;128;64;64;20;13;7;66;32;34;42;19;23
546767.716253972;5491678.61713591;548260;Bartoušov;6102;Havlíčkův Brod;152;86;66;14;10;4;103;60;43;35;16;19
544241.487455168;5498738.90233669;548278;Břevnice;6102;Havlíčkův Brod;148;74;74;19;13;6;92;45;47;37;16;21
541681.94037472;5499167.95309844;548286;Knyk;6102;Havlíčkův Brod;429;223;206;73;38;35;289;151;138;67;34;33
545000.672124287;5497323.55253595;548308;Kyjov;6102;Havlíčkův Brod;151;84;67;24;16;8;95;55;40;32;13;19
538253.367097293;5491519.31303867;548316;Michalovice;6102;Havlíčkův Brod;192;99;93;42;23;19;124;62;62;26;14;12
534598.649945132;5483901.58604038;548324;Skorkov;6102;Havlíčkův Brod;80;39;41;12;8;4;50;24;26;18;7;11
498650.69974771;5489759.50755648;548332;Lukavec;6109;Pacov;999;497;502;109;52;57;667;349;318;223;96;127
532984.201883039;5484499.42222157;548341;Slavníč;6102;Havlíčkův Brod;59;30;29;14;7;7;38;20;18;7;3;4
521681.727372309;5504583.91177222;548359;Ostrov;6111;Světlá nad Sázavou;139;73;66;22;13;9;100;55;45;17;5;12
496251.636376296;5487845.98550698;548367;Mezilesí;6109;Pacov;120;65;55;14;8;6;68;41;27;38;16;22
547722.063514753;5514724.75954098;548375;Čečkovice;6104;Chotěboř;79;37;42;8;4;4;53;25;28;18;8;10
523936.581630804;5482889.81130307;548383;Mladé Bříště;6103;Humpolec;255;123;132;38;16;22;164;78;86;53;29;24
498581.016470022;5461570.07836573;548391;Mnich;6110;Pelhřimov;404;205;199;62;36;26;254;129;125;88;40;48
505183.26732616;5472542.40579498;548405;Moraveč;6110;Pelhřimov;198;98;100;25;13;12;133;72;61;40;13;27
542388.085286514;5507315.93176154;548413;Jilem;6104;Chotěboř;125;66;59;21;7;14;86;49;37;18;10;8
540220.2611945;5506676.81767092;548421;Sedletín;6104;Chotěboř;273;137;136;37;16;21;184;97;87;52;24;28
552944.099143263;5508861.10288499;548430;Bezděkov;6104;Chotěboř;255;132;123;40;25;15;156;79;77;59;28;31
551475.212861628;5507931.69595631;548448;Dolní Sokolovec;6104;Chotěboř;73;32;41;5;2;3;56;26;30;12;4;8
508674.628468346;5472565.56826014;548456;Nová Cerekev;6110;Pelhřimov;1112;557;555;161;80;81;708;378;330;243;99;144
525208.989199905;5470125.88597518;548464;Nový Rychnov;6110;Pelhřimov;1015;526;489;157;93;64;683;361;322;175;72;103
496602.555444915;5473827.53947861;548472;Obrataň;6109;Pacov;827;402;425;124;67;57;532;266;266;171;69;102
551476.832643375;5511868.55433397;548481;Lány;6104;Chotěboř;52;27;25;7;5;2;31;19;12;14;3;11
554312.024557604;5509324.4356792;548499;Sloupno;6104;Chotěboř;43;21;22;7;3;4;23;13;10;13;5;8
509994.622834381;5491967.60782911;548502;Onšov;6110;Pelhřimov;235;108;127;32;19;13;135;66;69;68;23;45
499382.441354622;5480842.0623967;548511;Pacov;6109;Pacov;4857;2390;2467;672;352;320;3163;1620;1543;1022;418;604
539142.247829024;5487028.44996339;548529;Kochánov;6102;Havlíčkův Brod;155;67;88;30;16;14;103;42;61;22;9;13
538369.471682514;5486126.6836267;548537;Úhořilka;6102;Havlíčkův Brod;52;27;25;11;8;3;29;12;17;12;7;5
514451.126545388;5494956.76666098;548545;Píšť;6103;Humpolec;80;34;46;16;5;11;41;18;23;23;11;12
555823.92436827;5502419.63083814;548553;Slavětín;6104;Chotěboř;111;63;48;23;12;11;71;44;27;17;7;10
518197.641187769;5456447.65514581;548561;Počátky;6110;Pelhřimov;2543;1251;1292;355;186;169;1647;849;798;541;216;325
531172.459172876;5506140.48918552;548570;Kunemil;6111;Světlá nad Sázavou;112;59;53;13;9;4;77;44;33;22;6;16
541064.819194667;5487018.84719254;548588;Okrouhlička;6102;Havlíčkův Brod;249;118;131;54;24;30;162;81;81;33;13;20
539780.428680798;5519610.18808785;548596;Heřmanice;6104;Chotěboř;60;32;28;8;3;5;29;16;13;23;13;10
504251.149112785;5477740.68597899;548600;Pošná;6109;Pacov;240;121;119;36;18;18;140;73;67;64;30;34
541268.034196681;5517516.86657935;548618;Kraborovice;6104;Chotěboř;96;49;47;11;6;5;59;34;25;26;9;17
536642.223285832;5521890.55726473;548626;Zvěstovice;6102;Havlíčkův Brod;73;28;45;11;3;8;40;19;21;22;6;16
555480.391422894;5508028.28618259;548634;Podmoklany;6104;Chotěboř;143;79;64;22;10;12;88;53;35;33;16;17
584067.794508751;5556613.34022487;548642;Hřibiny-Ledská;5208;Kostelec nad Orlicí;338;164;174;63;29;34;219;112;107;56;23;33
585972.476734372;5556587.36388765;548651;Libel;5213;Rychnov nad Kněžnou;132;66;66;21;12;9;94;48;46;17;6;11
573764.543106223;5573401.27172732;548669;Rohenice;5202;Dobruška;263;133;130;47;21;26;170;88;82;46;24;22
572845.874521408;5565860.67345293;548677;Vysoký Újezd;5205;Hradec Králové;75;46;29;9;5;4;54;36;18;12;5;7
587723.133234564;5547870.14320395;548685;Krchleby;5208;Kostelec nad Orlicí;86;47;39;16;11;5;58;28;30;12;8;4
587682.733115541;5549397.82618679;548693;Svídnice;5208;Kostelec nad Orlicí;156;83;73;19;6;13;105;60;45;32;17;15
589417.172290697;5549137.21490101;548707;Vrbice;5208;Kostelec nad Orlicí;150;77;73;25;13;12;95;53;42;30;11;19
525862.591241824;5495312.90140424;548715;Řečice;6103;Humpolec;131;65;66;19;12;7;70;34;36;42;19;23
593856.295522922;5545288.60287056;548723;Polom;5213;Rychnov nad Kněžnou;129;64;65;24;13;11;89;43;46;16;8;8
497968.451925826;5485647.55493755;548731;Salačova Lhota;6109;Pacov;135;67;68;19;8;11;93;49;44;23;10;13
505280.068071417;5481495.60790225;548740;Samšín;6109;Pacov;158;79;79;13;9;4;109;55;54;36;15;21
592547.159460244;5547068.65239592;548758;Proruby;5213;Rychnov nad Kněžnou;48;24;24;3;3;0;31;13;18;14;8;6
519049.508664418;5484864.84258376;548766;Sedlice;6103;Humpolec;140;73;67;14;8;6;92;53;39;34;12;22
515227.312210129;5490466.74366467;548774;Senožaty;6103;Humpolec;733;357;376;131;70;61;463;225;238;139;62;77
595798.402361264;5555838.35874302;548782;Jahodov;5213;Rychnov nad Kněžnou;106;47;59;24;11;13;70;32;38;12;4;8
583700.084522439;5575346.09379641;548791;Chlístov;5202;Dobruška;94;53;41;11;8;3;69;38;31;14;7;7
566719.782463671;5612646.32333216;548804;Lampertice;5214;Trutnov;400;198;202;43;17;26;281;148;133;76;33;43
561911.265365544;5583736.69740846;548812;Stanovice;5203;Dvůr Králové nad Labem;57;26;31;5;0;5;36;19;17;16;7;9
547335.485113141;5594652.87526663;548821;Borovnička;5203;Dvůr Králové nad Labem;199;106;93;32;18;14;123;67;56;44;21;23
552161.006245204;5584884.6424638;548839;Zábřezí-Řečice;5203;Dvůr Králové nad Labem;146;70;76;23;10;13;91;42;49;32;18;14
550164.262317289;5585615.32839225;548847;Zdobín;5203;Dvůr Králové nad Labem;109;52;57;17;8;9;66;34;32;26;10;16
544231.140060819;5573724.36982423;548855;Bříšťany;5204;Hořice;244;129;115;34;18;16;164;91;73;46;20;26
544910.614375847;5575272.3317715;548863;Milovice u Hořic;5204;Hořice;309;153;156;70;34;36;204;106;98;35;13;22
543158.086353809;5572276.94038311;548871;Petrovičky;5204;Hořice;45;22;23;6;4;2;28;13;15;11;5;6
541338.622473664;5574178.3721204;548880;Sukorady;5204;Hořice;212;111;101;27;16;11;135;75;60;50;20;30
509019.683689625;5580670.16917598;548898;Rokytňany;5207;Jičín;114;58;56;26;17;9;70;35;35;18;6;12
542659.430541242;5579263.9562208;548901;Bílsko u Hořic;5204;Hořice;113;56;57;10;4;6;72;35;37;31;17;14
521828.605639148;5588607.65971615;548910;Ohaveč;5207;Jičín;83;35;48;20;9;11;55;23;32;8;3;5
523155.692346258;5581487.87023897;548928;Kostelec;5207;Jičín;38;16;22;6;2;4;24;11;13;8;3;5
503642.905302596;5466272.4331161;548936;Těmice;6110;Pelhřimov;405;207;198;46;24;22;248;133;115;111;50;61
532764.34845133;5582828.76274838;548944;Kovač;5207;Jičín;128;62;66;22;9;13;81;42;39;25;11;14
518005.789142529;5572325.24588525;548952;Budčeves;5207;Jičín;150;70;80;13;3;10;98;52;46;39;15;24
515452.832276238;5582907.65199941;548961;Sedliště;5207;Jičín;100;48;52;11;6;5;72;36;36;17;6;11
546209.789614653;5587896.80936305;548979;Borek;5204;Hořice;104;50;54;17;8;9;71;34;37;16;8;8
508517.285171354;5480349.39571988;548987;Útěchovice;6110;Pelhřimov;67;35;32;7;3;4;44;28;16;16;4;12
546321.518602877;5582941.94490257;548995;Červená Třemešná;5204;Hořice;151;69;82;25;9;16;103;51;52;23;9;14
502984.705328418;5461263.09248839;549002;Včelnička;6110;Pelhřimov;197;101;96;23;12;11;125;66;59;49;23;26
502653.528201202;5483993.09381786;549011;Velká Chyška;6109;Pacov;277;147;130;32;19;13;176;93;83;69;35;34
544641.793404769;5587437.68765309;549029;Vřesník;5204;Hořice;87;51;36;16;12;4;58;33;25;13;6;7
536531.925122833;5587175.84042988;549037;Choteč;5207;Jičín;204;111;93;36;22;14;129;70;59;39;19;20
522885.433307709;5481378.00015265;549045;Velký Rybník;6110;Pelhřimov;183;94;89;29;15;14;129;67;62;25;12;13
516518.719561025;5463016.68728846;549053;Veselá;6110;Pelhřimov;228;102;126;27;11;16;149;71;78;52;20;32
498531.661359611;5473560.37055541;549061;Věžná;6109;Pacov;120;64;56;21;15;6;76;39;37;23;10;13
522093.069247396;5587130.1742663;549070;Březina;5207;Jičín;113;56;57;25;12;13;74;37;37;14;7;7
520042.56275614;5589211.38358523;549088;Dolní Lochov;5207;Jičín;51;24;27;11;6;5;32;15;17;8;3;5
524489.329814142;5583498.7604422;549096;Staré Místo;5207;Jičín;317;163;154;41;18;23;231;124;107;45;21;24
523703.302288792;5590203.01996901;549100;Brada-Rybníček;5207;Jičín;149;79;70;20;13;7;115;57;58;14;9;5
525360.979818676;5590443.70286144;549118;Dílce;5207;Jičín;52;22;30;13;5;8;30;14;16;9;3;6
517027.23918402;5493860.03956081;549126;Vojslavice;6103;Humpolec;93;48;45;4;2;2;67;40;27;22;6;16
502585.685103322;5489652.19767738;549134;Vyklantice;6109;Pacov;151;78;73;11;5;6;90;52;38;50;21;29
525592.615882758;5474712.33786189;549142;Vyskytná;6110;Pelhřimov;718;349;369;123;55;68;468;237;231;127;57;70
523225.00778774;5592008.7498279;549151;Jinolice;5207;Jičín;188;94;94;24;10;14;132;69;63;32;15;17
524870.030391856;5589411.63091392;549169;Kbelnice;5207;Jičín;208;111;97;27;18;9;156;82;74;25;11;14
525228.201412363;5478696.35823033;549177;Zachotín;6110;Pelhřimov;242;128;114;25;11;14;176;97;79;41;20;21
518453.736409541;5588486.4280955;549185;Ohařice;5207;Jičín;65;30;35;11;6;5;44;22;22;10;2;8
518851.716324764;5591245.86756615;549193;Zámostí-Blata;5207;Jičín;128;65;63;23;16;7;82;40;42;23;9;14
534145.945738585;5577251.40089674;549207;Nevratice;5204;Hořice;161;82;79;32;13;19;104;58;46;25;11;14
516756.662449317;5486965.8559473;549215;Želiv;6103;Humpolec;1148;560;588;168;77;91;741;384;357;239;99;140
520665.718478673;5581843.85995697;549223;Chyjice;5207;Jičín;165;90;75;37;23;14;103;56;47;25;11;14
511597.189848861;5455830.67653504;549231;Žirovnice;6110;Pelhřimov;2942;1440;1502;383;190;193;1929;991;938;630;259;371
439786.63253238;5460089.69733272;549240;Písek;3108;Písek;29838;14277;15561;4606;2361;2245;19398;9515;9883;5834;2401;3433
449868.706149921;5458957.54124491;549258;Albrechtice nad Vltavou;3108;Písek;851;445;406;131;70;61;540;285;255;180;90;90
455854.409842608;5468189.90959487;549266;Bernartice;3107;Milevsko;1306;642;664;170;75;95;851;458;393;285;109;176
547910.497597614;5575555.64149623;549274;Rašín;5204;Hořice;87;49;38;20;12;8;49;28;21;18;9;9
530465.261046761;5581519.33084592;549282;Butoves;5207;Jičín;280;135;145;63;27;36;186;91;95;31;17;14
459596.529999161;5478096.45784862;549291;Božetice;3107;Milevsko;361;183;178;42;21;21;252;132;120;67;30;37
451862.501557368;5472974.84885384;549304;Branice;3107;Milevsko;299;138;161;48;23;25;185;92;93;66;23;43
529943.36745176;5584103.23930678;549312;Kacákova Lhota;5207;Jičín;173;89;84;28;19;9;123;58;65;22;12;10
432468.053127237;5473478.44217634;549321;Cerhonice;3108;Písek;139;72;67;20;10;10;80;42;38;39;20;19
433218.466299231;5480238.70624611;549339;Čimelice;3108;Písek;958;484;474;108;64;44;625;323;302;225;97;128
435171.135711583;5467795.71188748;549347;Čížová;3108;Písek;1222;628;594;232;136;96;806;400;406;184;92;92
520276.950085159;5574437.56705501;549355;Cholenice;5207;Jičín;230;118;112;29;14;15;168;91;77;33;13;20
432321.246416491;5462132.67908366;549363;Dobev;3108;Písek;866;453;413;148;81;67;607;326;281;111;46;65
454168.600426486;5461746.2413772;549371;Dražíč;3115;Týn nad Vltavou;238;114;124;27;10;17;142;75;67;69;29;40
429766.160388091;5465056.47938607;549380;Drhovle;3108;Písek;539;275;264;60;31;29;323;174;149;156;70;86
436708.741171136;5454004.03306691;549398;Heřmaň;3108;Písek;265;145;120;45;31;14;180;97;83;40;17;23
702618.761218901;5445178.07950877;549401;Pozlovice;7204;Luhačovice;1232;598;634;191;100;91;828;410;418;213;88;125
451311.496122464;5485041.98668425;549410;Hrazany;3107;Milevsko;268;146;122;39;20;19;168;96;72;61;30;31
448638.550431404;5481580.10197824;549428;Hrejkovice;3107;Milevsko;472;244;228;76;42;34;279;150;129;117;52;65
687507.893453974;5447900.11649126;549436;Komárov;7205;Otrokovice;338;163;175;44;22;22;226;123;103;68;18;50
686842.181350068;5450568.60870791;549444;Oldřichovice;7205;Otrokovice;400;200;200;60;31;29;281;146;135;59;23;36
457431.549931724;5485939.25347399;549452;Chyšky;3107;Milevsko;1058;556;502;163;82;81;725;400;325;170;74;96
685650.262127938;5449469.10072149;549461;Pohořelice;7205;Otrokovice;879;433;446;123;60;63;593;312;281;163;61;102
447452.793595656;5470838.76630965;549479;Jetětice;3107;Milevsko;348;170;178;64;29;35;227;118;109;57;23;34
432943.177791808;5458385.33383393;549487;Kestřany;3108;Písek;686;365;321;105;52;53;479;267;212;102;46;56
445687.047727427;5462878.12174179;549495;Kluky;3108;Písek;624;312;312;125;65;60;394;204;190;105;43;62
443768.051004405;5481792.45788545;549509;Kostelec nad Vltavou;3107;Milevsko;401;197;204;52;23;29;268;146;122;81;28;53
445894.192998913;5486842.17388518;549517;Kovářov;3107;Milevsko;1468;723;745;170;86;84;962;488;474;336;149;187
435537.630759288;5482202.91417259;549525;Králova Lhota;3108;Písek;203;101;102;34;15;19;128;67;61;41;19;22
722267.096465032;5448760.65872684;549533;Poteč;7209;Valašské Klobouky;785;423;362;133;74;59;548;304;244;104;45;59
445281.302375365;5475581.28318066;549541;Kučeř;3107;Milevsko;186;98;88;38;22;16;105;56;49;43;20;23
710288.271104068;5454364.00932395;549550;Lhotsko;7211;Vizovice;266;134;132;43;23;20;184;96;88;39;15;24
435343.995303643;5485480.33191414;549568;Lety;3108;Písek;262;130;132;35;11;24;177;92;85;50;27;23
451453.459930382;5478622.41283314;549576;Milevsko;3107;Milevsko;8540;4130;4410;1127;565;562;5440;2718;2722;1973;847;1126
429032.635148998;5474919.12432696;549584;Mirotice;3108;Písek;1203;609;594;212;107;105;766;410;356;225;92;133
429795.260148824;5486320.66825226;549592;Mirovice;3108;Písek;1582;775;807;204;104;100;1077;554;523;301;117;184
426431.02250462;5483217.06727037;549606;Mišovice;3108;Písek;252;120;132;43;19;24;164;81;83;45;20;25
429156.275851319;5487521.5698639;549614;Myslín;3108;Písek;102;49;53;22;7;15;61;33;28;19;9;10
702130.167362278;5453297.49814873;549622;Lípa;7213;Zlín;831;424;407;131;71;60;557;297;260;143;56;87
462361.727769222;5484017.2390688;549631;Nadějkov;3112;Tábor;732;386;346;108;58;50;496;274;222;128;54;74
687802.145332502;5455243.76221739;549649;Tečovice;7213;Zlín;1318;676;642;194;102;92;902;478;424;222;96;126
437939.816091269;5480018.71520869;549657;Nevězice;3108;Písek;143;80;63;17;15;2;82;43;39;44;22;22
749716.757527325;5502061.91054115;549665;Raškovice;8106;Frýdek-Místek;1814;878;936;284;152;132;1196;599;597;334;127;207
751371.808499705;5495729.19912451;549673;Krásná;8106;Frýdek-Místek;652;326;326;79;37;42;441;232;209;132;57;75
439342.426514361;5483418.82704542;549681;Orlík nad Vltavou;3108;Písek;290;145;145;30;12;18;203;102;101;57;31;26
686144.3104855;5470734.12113771;549690;Bořenovice;7202;Holešov;178;84;94;28;14;14;116;56;60;34;14;20
443029.14825429;5471701.47966272;549703;Oslov;3108;Písek;335;159;176;61;28;33;212;107;105;62;24;38
437246.525993751;5473249.63678168;549711;Ostrovec;3108;Písek;370;195;175;54;27;27;227;128;99;89;40;49
690477.113982041;5466126.42598105;549720;Přílepy;7202;Holešov;954;488;466;155;88;67;647;338;309;152;62;90
627524.004861618;5445646.98206748;549738;Ponětovice;6216;Šlapanice;404;197;207;81;45;36;253;120;133;70;32;38
601640.0;5467230.19096288;549746;Předklášteří;6217;Tišnov;1444;723;721;208;113;95;929;481;448;307;129;178
449496.819894603;5468322.4967431;549754;Podolí I;3108;Písek;358;192;166;64;33;31;225;127;98;69;32;37
443639.663653735;5450142.32381488;549771;Protivín;3108;Písek;4876;2457;2419;663;348;315;3267;1702;1565;946;407;539
599071.572752405;5454489.72637963;549789;Říčky;6214;Rosice;352;173;179;63;24;39;237;126;111;52;23;29
457262.830312556;5480115.12044181;549797;Přeštěnice;3107;Milevsko;287;145;142;37;18;19;192;100;92;58;27;31
436035.079026223;5457058.35495754;549801;Putim;3108;Písek;531;265;266;100;49;51;328;170;158;103;46;57
434321.285327371;5453861.59867803;549827;Ražice;3108;Písek;375;186;189;46;17;29;241;129;112;88;40;48
589376.87174806;5479980.95998666;549835;Milasín;6101;Bystřice nad Pernštejnem;45;22;23;6;2;4;27;14;13;12;6;6
457354.960549872;5474833.6660274;549843;Sepekov;3107;Milevsko;1335;680;655;171;97;74;850;449;401;314;134;180
438136.702922278;5451665.23423193;549851;Skály;3108;Písek;262;134;128;35;18;17;167;88;79;60;28;32
451643.30695872;5463807.62762803;549860;Slabčice;3108;Písek;356;187;169;54;36;18;225;117;108;77;34;43
434552.475400107;5477023.09910126;549878;Smetanova Lhota;3108;Písek;295;159;136;53;33;20;159;92;67;83;34;49
591178.061166348;5477252.98730342;549886;Střítež;6101;Bystřice nad Pernštejnem;95;48;47;11;6;5;53;26;27;31;16;15
594785.639848882;5471827.10325516;549894;Skryje;6217;Tišnov;64;31;33;10;7;3;38;18;20;16;6;10
595704.055456376;5468954.28228581;549908;Újezd u Tišnova;6217;Tišnov;134;68;66;16;9;7;80;43;37;38;16;22
580973.890753583;5475930.75934084;549916;Pikárec;6114;Velké Meziříčí;327;172;155;46;25;21;226;121;105;55;26;29
583955.333792347;5475228.7604437;549924;Radkov;6101;Bystřice nad Pernštejnem;177;97;80;24;14;10;112;63;49;41;20;21
443403.322145546;5455692.03804437;549932;Tálín;3108;Písek;173;96;77;25;19;6;118;62;56;30;15;15
561307.472810774;5487595.82130775;549941;Rosička;6115;Žďár nad Sázavou;50;27;23;8;4;4;29;17;12;13;6;7
592654.450518857;5496152.32796489;549959;Ubušínek;6101;Bystřice nad Pernštejnem;98;49;49;15;7;8;64;35;29;19;7;12
639770.287696085;5498673.51845791;549967;Hačky;7103;Konice;101;52;49;14;9;5;65;36;29;22;7;15
453509.54441439;5470529.14282535;549975;Veselíčko;3107;Milevsko;199;109;90;24;13;11;134;72;62;41;24;17
640569.25247685;5499613.33375632;549983;Polomí;7103;Konice;152;81;71;21;12;9;107;61;46;24;8;16
436033.3136364;5471255.11640086;549991;Vráž;3108;Písek;309;162;147;38;17;21;215;120;95;56;25;31
439401.492410166;5465678.5464281;550001;Vrcovice;3108;Písek;168;84;84;27;12;15;118;61;57;23;11;12
566556.045134191;5417832.2467586;550019;Vracovice;6220;Znojmo;198;88;110;35;15;20;136;61;75;27;12;15
443455.902848878;5466378.62591591;550027;Záhoří;3108;Písek;783;387;396;102;51;51;512;263;249;169;73;96
450849.209728343;5478569.26934553;550035;Zbelítov;3107;Milevsko;342;174;168;47;24;23;225;118;107;70;32;38
458612.577057808;5471585.07017493;550043;Zběšičky;3107;Milevsko;149;80;69;12;7;5;118;66;52;19;7;12
574124.500869093;5418544.94636357;550051;Plenkovice;6220;Znojmo;358;179;179;55;30;25;234;121;113;69;28;41
455211.729880422;5482593.0917991;550060;Zhoř;3107;Milevsko;292;161;131;30;20;10;212;118;94;50;23;27
580581.800531431;5429530.09232346;550078;Přeskače;6220;Znojmo;110;55;55;11;5;6;77;41;36;22;9;13
591220.433652944;5405838.6264286;550086;Křídlůvky;6220;Znojmo;240;115;125;34;15;19;165;88;77;41;12;29
426364.616321158;5428297.62569112;550094;Prachatice;3109;Prachatice;11055;5320;5735;1631;830;801;7377;3642;3735;2047;848;1199
648326.795782575;5451887.54791938;550108;Kozlany;6219;Vyškov;341;172;169;51;29;22;217;115;102;73;28;45
413627.777497531;5439103.24092486;550116;Bohumilice;3116;Vimperk;325;160;165;45;25;20;220;115;105;60;20;40
415890.185736584;5437959.03615753;550124;Bošice;3116;Vimperk;326;177;149;48;31;17;226;119;107;52;27;25
634569.638904572;5457463.44038427;550132;Olšany;6219;Vyškov;590;303;287;114;70;44;392;193;199;84;40;44
652454.61807031;5460090.4847379;550141;Medlovice;6219;Vyškov;308;147;161;44;20;24;219;110;109;45;17;28
422248.363721533;5439779.69170262;550159;Bušanovice;3109;Prachatice;253;127;126;40;22;18;165;86;79;48;19;29
412375.664465975;5441083.1392943;550167;Čkyně;3116;Vimperk;1558;760;798;233;117;116;1036;518;518;289;125;164
634721.804680536;5467011.80082156;550175;Podomí;6219;Vyškov;417;211;206;61;32;29;294;152;142;62;27;35
428334.1516172;5439874.08959389;550183;Dub;3109;Prachatice;380;195;185;69;42;27;257;129;128;54;24;30
651313.017680142;5448804.46092318;550191;Uhřice;6205;Bučovice;250;130;120;37;21;16;165;91;74;48;18;30
409481.392976775;5423723.76802687;550205;Horní Vltavice;3116;Vimperk;360;171;189;46;19;27;243;124;119;71;28;43
641784.07484507;5440680.87421472;550213;Heršpice;6215;Slavkov u Brna;829;409;420;173;90;83;540;272;268;116;47;69
435300.054319733;5433313.82732895;550221;Hracholusky;3109;Prachatice;463;236;227;63;30;33;327;179;148;73;27;46
425701.30871139;5433421.0457108;550230;Husinec;3109;Prachatice;1425;712;713;249;129;120;965;505;460;211;78;133
424170.279718026;5435229.64004627;550248;Chlumany;3109;Prachatice;345;186;159;57;30;27;227;123;104;61;33;28
637545.107997466;5429031.73875699;550256;Kašnice;6207;Hustopeče;216;114;102;26;13;13;142;77;65;48;24;24
432184.37917713;5422722.24220882;550264;Chroboly;3109;Prachatice;517;264;253;101;45;56;341;182;159;75;37;38
609874.505977349;5427877.96091697;550272;Cvrčovice;6213;Pohořelice;645;329;316;103;58;45;448;233;215;94;38;56
539603.657699973;5476375.37565379;550281;Hybrálec;6105;Jihlava;442;228;214;73;37;36;306;165;141;63;26;37
538935.098877912;5479876.20872327;550299;Smrčná;6105;Jihlava;373;182;191;50;28;22;253;126;127;70;28;42
588821.25170819;5444922.22413653;550302;Kuroslepy;6107;Náměšť nad Oslavou;148;75;73;12;9;3;98;55;43;38;11;27
578967.107602842;5448372.29549171;550311;Třesov;6107;Náměšť nad Oslavou;89;44;45;17;7;10;55;31;24;17;6;11
436645.096417701;5419177.82896298;550329;Ktiš;3109;Prachatice;508;258;250;93;44;49;342;179;163;73;35;38
396333.954717164;5428679.71022805;550337;Kvilda;3116;Vimperk;136;67;69;16;10;6;94;45;49;26;12;14
421015.460233979;5432501.99164939;550345;Lažiště;3109;Prachatice;334;183;151;64;41;23;233;126;107;37;16;21
412075.429336659;5420913.84262809;550353;Lenora;3109;Prachatice;748;367;381;118;55;63;498;256;242;132;56;76
438964.966841491;5427497.88929067;550361;Lhenice;3109;Prachatice;1989;1051;938;261;134;127;1379;762;617;349;155;194
554102.423630137;5452390.46019682;550370;Pokojovice;6113;Třebíč;97;50;47;18;11;7;59;30;29;20;9;11
552112.560783875;5438767.23042926;550388;Martínkov;6106;Moravské Budějovice;263;140;123;37;25;12;163;89;74;63;26;37
446310.138893866;5431003.62746055;550396;Němčice;3109;Prachatice;198;96;102;39;20;19;132;65;67;27;11;16
561990.397165035;5437244.59869106;550400;Bohušice;6106;Moravské Budějovice;144;67;77;23;8;15;88;45;43;33;14;19
442051.931588904;5437291.40373365;550418;Malovice;3109;Prachatice;650;362;288;92;55;37;457;259;198;101;48;53
434640.255809472;5426134.90481438;550426;Mičovice;3109;Prachatice;334;172;162;55;24;31;215;118;97;64;30;34
431249.682831815;5428468.05763139;550434;Nebahovy;3109;Prachatice;534;274;260;90;42;48;374;199;175;70;33;37
440086.762134859;5433281.09384957;550442;Netolice;3109;Prachatice;2581;1272;1309;407;203;204;1736;881;855;438;188;250
418760.036081362;5405130.07299631;550451;Nová Pec;3109;Prachatice;444;227;217;51;24;27;313;173;140;80;30;50
538548.735323542;5428379.79338297;550469;Pálovice;6106;Moravské Budějovice;168;92;76;23;14;9;112;60;52;33;18;15
541667.347236723;5434471.20884222;550477;Chotěbudice;6106;Moravské Budějovice;101;45;56;11;2;9;65;29;36;25;14;11
418214.10486281;5436228.52542116;550485;Radhostice;3109;Prachatice;151;75;76;21;12;9;93;49;44;37;14;23
546184.7992081;5437430.28958329;550493;Radkovice u Budče;6106;Moravské Budějovice;157;80;77;27;18;9;99;49;50;31;13;18
555868.759690878;5435129.67460003;550507;Litohoř;6106;Moravské Budějovice;531;270;261;81;39;42;363;195;168;87;36;51
400585.236039271;5439107.91247352;550515;Stachy;3116;Vimperk;1161;576;585;174;85;89;699;366;333;288;125;163
414578.104592967;5411746.67825472;550523;Stožec;3109;Prachatice;193;110;83;23;7;16;140;86;54;30;17;13
404160.481516903;5418565.51943138;550531;Strážný;3116;Vimperk;463;243;220;95;50;45;320;174;146;48;19;29
432862.054392727;5436606.89793301;550540;Strunkovice nad Blanicí;3109;Prachatice;1225;624;601;181;96;85;818;427;391;226;101;125
414483.208621443;5435470.84118848;550558;Svatá Maří;3116;Vimperk;589;311;278;89;56;33;406;213;193;94;42;52
559948.582238864;5435971.36701184;550566;Lukov;6106;Moravské Budějovice;372;188;184;51;23;28;273;144;129;48;21;27
417809.091555769;5432775.32747307;550574;Šumavské Hoštice;3116;Vimperk;399;213;186;68;45;23;262;138;124;69;30;39
428972.472858166;5433758.1180971;550582;Těšovice;3109;Prachatice;307;158;149;46;24;22;205;107;98;56;27;29
544336.894494722;5426405.52731045;550591;Jiratice;6106;Moravské Budějovice;71;31;40;11;1;10;47;24;23;13;6;7
425332.522752847;5441024.39303245;550604;Tvrzice;3109;Prachatice;121;62;59;20;11;9;79;42;37;22;9;13
554934.510994388;5464813.61942675;550612;Horní Smrčné;6113;Třebíč;49;25;24;4;2;2;33;17;16;12;6;6
405622.673052383;5442991.07538273;550621;Vacov;3116;Vimperk;1441;751;690;229;136;93;900;465;435;312;150;162
565517.304855921;5461465.57994882;550639;Hroznatín;6113;Třebíč;102;55;47;20;12;8;61;32;29;21;11;10
409589.845749744;5433278.07733882;550647;Vimperk;3116;Vimperk;7474;3677;3797;1119;589;530;5077;2552;2525;1278;536;742
432182.253792036;5432275.79433259;550655;Vitějovice;3109;Prachatice;507;260;247;98;53;45;326;174;152;83;33;50
422934.718492414;5436544.94241204;550663;Vlachovo Březí;3109;Prachatice;1699;841;858;298;148;150;1117;576;541;284;117;167
418512.454415759;5419658.59355105;550671;Volary;3109;Prachatice;3809;1917;1892;614;311;303;2605;1350;1255;590;256;334
421625.499764462;5426556.00613046;550680;Záblatí;3109;Prachatice;354;181;173;50;22;28;238;127;111;66;32;34
419165.339539728;5439246.55899302;550698;Zálezly;3116;Vimperk;304;153;151;32;19;13;208;105;103;64;29;35
425495.902246101;5421133.40087688;550701;Zbytiny;3109;Prachatice;308;165;143;38;16;22;218;127;91;52;22;30
558213.321916942;5452360.12187573;550710;Krahulov;6113;Třebíč;269;129;140;37;15;22;183;95;88;49;19;30
404533.532822688;5437578.91873044;550728;Zdíkov;3116;Vimperk;1712;854;858;257;121;136;1117;589;528;338;144;194
710419.695717072;5436896.11478518;550736;Hostětín;7208;Uherský Brod;231;122;109;36;21;15;149;84;65;46;17;29
680285.127171694;5433785.87141295;550744;Kunovice;7207;Uherské Hradiště;5559;2674;2885;827;436;391;3700;1818;1882;1032;420;612
677936.265985347;5439367.25780278;550752;Staré Město;7207;Uherské Hradiště;6791;3319;3472;1020;530;490;4574;2289;2285;1197;500;697
423132.560991127;5408573.40100572;550761;Želnava;3109;Prachatice;104;63;41;19;10;9;71;45;26;14;8;6
583039.326033506;5454998.11293611;550779;Naloučany;6107;Náměšť nad Oslavou;158;80;78;27;10;17;91;50;41;40;20;20
420777.862051979;5456959.71346073;550787;Strakonice;3111;Strakonice;22902;11006;11896;3492;1816;1676;14965;7382;7583;4445;1808;2637
640866.117318048;5452884.34876192;550795;Podbřežice;6219;Vyškov;249;120;129;38;14;24;168;91;77;43;15;28
432977.091437939;5441692.57164371;550809;Bavorov;3117;Vodňany;1599;786;813;253;121;132;1062;550;512;284;115;169
418181.02639298;5483267.02368058;550817;Bělčice;3101;Blatná;1009;504;505;136;71;65;651;339;312;222;94;128
632561.927597241;5448195.03287616;550825;Holubice;6215;Slavkov u Brna;1107;584;523;228;124;104;723;390;333;156;70;86
430393.875224568;5446890.7693569;550833;Bílsko;3117;Vodňany;203;107;96;39;24;15;118;59;59;46;24;22
567694.731867789;5427373.49868479;550841;Jiřice u Moravských Budějovic;6220;Znojmo;58;29;29;8;5;3;32;16;16;18;8;10
419198.556197608;5474467.22338683;550850;Blatná;3101;Blatná;6700;3251;3449;990;533;457;4327;2139;2188;1383;579;804
429419.894108881;5451806.97481192;550906;Cehnice;3111;Strakonice;483;252;231;79;42;37;314;169;145;90;41;49
429888.006495267;5454764.53392627;550922;Čejetice;3111;Strakonice;909;469;440;156;80;76;625;337;288;128;52;76
425969.47957374;5444607.94857719;550949;Čepřovice;3111;Strakonice;197;97;100;29;16;13;125;65;60;43;16;27
413519.237213793;5445976.37856816;550957;Čestice;3111;Strakonice;893;454;439;140;71;69;578;301;277;175;82;93
444703.374389931;5444344.25615225;550965;Číčenice;3117;Vodňany;475;235;240;70;26;44;326;174;152;79;35;44
416815.331566183;5467024.63328252;550981;Doubravice;3111;Strakonice;282;148;134;38;17;21;194;112;82;50;19;31
433157.335174956;5449965.47796609;551015;Drahonice;3117;Vodňany;360;195;165;47;32;15;222;122;100;91;41;50
407307.694723841;5446343.10081414;551023;Drážov;3111;Strakonice;251;139;112;36;24;12;161;92;69;54;23;31
410064.613677818;5445572.64844947;551040;Dřešín;3111;Strakonice;310;146;164;55;23;32;202;101;101;53;22;31
410503.884933238;5449912.50606637;551104;Hoslovice;3111;Strakonice;170;88;82;23;12;11;110;55;55;37;21;16
420733.160393257;5449752.14028842;551121;Hoštice;3111;Strakonice;156;86;70;17;8;9;108;62;46;31;16;15
438355.973274897;5440833.1162842;551139;Chelčice;3117;Vodňany;408;219;189;69;47;22;295;157;138;44;15;29
419423.048770935;5464798.27563029;551155;Chrášťovice;3111;Strakonice;261;132;129;49;26;23;166;87;79;46;19;27
426329.511733885;5453419.64426304;551163;Jinín;3111;Strakonice;202;107;95;39;26;13;131;68;63;32;13;19
412346.293630024;5473349.91111121;551180;Kadov;3101;Blatná;367;193;174;53;28;25;241;131;110;73;34;39
414564.141773783;5458584.9776093;551201;Katovice;3111;Strakonice;1355;667;688;208;111;97;897;453;444;250;103;147
412784.072079881;5453260.97759094;551261;Kraselov;3111;Strakonice;221;107;114;31;15;16;142;72;70;48;20;28
441976.158039061;5439720.62199696;551333;Libějovice;3117;Vodňany;456;225;231;63;28;35;296;158;138;97;39;58
423251.261182715;5446503.97975553;551341;Litochovice;3111;Strakonice;286;149;137;50;27;23;181;100;81;55;22;33
412005.767055189;5479329.72169622;551350;Lnáře;3101;Blatná;725;390;335;95;59;36;509;280;229;121;51;70
418369.110616342;5442002.05507556;551384;Malenice;3111;Strakonice;669;317;352;110;58;52;449;209;240;110;50;60
412656.289389058;5466533.87381863;551392;Mečichov;3111;Strakonice;275;136;139;43;21;22;180;92;88;52;23;29
423587.852279595;5451833.54427775;551414;Miloňovice;3111;Strakonice;282;151;131;41;21;20;196;108;88;45;22;23
431897.320924049;5564068.68389491;551457;Studeněves;2124;Slaný;487;243;244;97;46;51;331;166;165;59;31;28
510922.252854105;5527097.90191902;551465;Košice;2112;Kutná Hora;56;25;31;14;5;9;33;18;15;9;2;7
425384.252419364;5478626.06616717;551473;Myštice;3101;Blatná;274;142;132;34;17;17;172;95;77;68;30;38
524090.800124964;5556511.40861229;551481;Kněžičky;2119;Poděbrady;181;90;91;26;16;10;126;64;62;29;10;19
456414.547846675;5425387.89059738;551490;Branišov;3102;České Budějovice;227;117;110;30;16;14;174;91;83;23;10;13
473565.223393599;5406213.98564982;551503;Čížkrajice;3113;Trhové Sviny;248;117;131;37;17;20;154;78;76;57;22;35
415836.512676536;5449221.06346992;551520;Nihošovice;3111;Strakonice;303;151;152;46;19;27;213;112;101;44;20;24
459546.025641475;5401384.99976424;551538;Střítež;3106;Kaplice;432;237;195;60;31;29;306;176;130;66;30;36
512501.132638017;5475314.86736552;551546;Dubovice;6110;Pelhřimov;73;40;33;12;8;4;47;25;22;14;7;7
412305.184634792;5457131.26592572;551554;Novosedly;3111;Strakonice;359;165;194;51;21;30;243;123;120;65;21;44
425610.616618462;5463111.46324959;551562;Osek;3111;Strakonice;654;391;263;79;38;41;449;289;160;126;64;62
427172.341182352;5450079.64203418;551571;Paračov;3111;Strakonice;110;55;55;20;11;9;69;36;33;21;8;13
523515.994737262;5491680.97046242;551589;Horní Rápotice;6103;Humpolec;150;69;81;18;9;9;106;50;56;26;10;16
415606.73146017;5477334.25116773;551597;Hajany;3101;Blatná;128;62;66;22;12;10;87;39;48;19;11;8
482288.001268307;5468861.78196091;551601;Turovec;3112;Tábor;265;125;140;43;25;18;184;89;95;38;11;27
415303.195904454;5455755.61146435;551619;Pracejovice;3111;Strakonice;325;157;168;49;24;25;231;114;117;45;19;26
411333.595063509;5483068.40557592;551627;Předmíř;3101;Blatná;343;177;166;49;25;24;241;133;108;53;19;34
422816.384125249;5442870.27432934;551635;Předslavice;3111;Strakonice;266;142;124;39;21;18;179;101;78;48;20;28
426605.350078617;5460341.90548084;551643;Přešťovice;3111;Strakonice;423;211;212;67;35;32;260;131;129;96;45;51
342192.067403539;5563905.09007051;551651;Hory;4103;Karlovy Vary;252;132;120;43;24;19;171;91;80;38;17;21
422086.800047189;5464444.78286077;551660;Radomyšl;3111;Strakonice;1318;626;692;240;109;131;882;434;448;196;83;113
421209.265631182;5452733.99109667;551678;Radošovice;3111;Strakonice;655;342;313;102;54;48;432;228;204;121;60;61
396149.961043864;5453867.06016603;551686;Podmokly;3214;Sušice;161;78;83;29;11;18;106;58;48;26;9;17
669236.676867079;5533891.67216165;551694;Velká Štáhle;8120;Rýmařov;341;175;166;41;29;12;235;121;114;65;25;40
679841.398569723;5536769.01002123;551708;Dlouhá Stráň;8103;Bruntál;89;43;46;12;7;5;65;32;33;12;4;8
424433.963619017;5470173.55693363;551716;Sedlice;3101;Blatná;1284;638;646;208;104;104;818;418;400;258;116;142
677988.099277451;5535782.56655112;551724;Mezina;8103;Bruntál;369;195;174;54;32;22;266;143;123;49;20;29
674632.796416876;5536319.7846782;551732;Moravskoslezský Kočov;8103;Bruntál;536;291;245;85;40;45;384;219;165;67;32;35
435060.499271185;5447563.739605;551741;Skočice;3117;Vodňany;232;110;122;49;24;25;149;71;78;34;15;19
417149.818693031;5453809.60209816;551759;Sousedovice;3111;Strakonice;294;142;152;53;26;27;186;96;90;55;20;35
673470.64723357;5542291.95027847;551767;Staré Město;8103;Bruntál;907;463;444;148;76;72;634;326;308;125;61;64
407802.153653298;5451722.11816207;551775;Strašice;3111;Strakonice;173;94;79;18;11;7;112;68;44;43;15;28
673655.138794026;5533743.58012183;551783;Valšov;8103;Bruntál;257;135;122;34;22;12;187;97;90;36;16;20
410274.855311756;5462220.77974854;551791;Střelské Hoštice;3111;Strakonice;876;465;411;149;72;77;574;318;256;153;75;78
689399.587390159;5537955.3688786;551805;Horní Životice;8103;Bruntál;308;156;152;48;24;24;207;103;104;53;29;24
688461.753134223;5533830.6041032;551813;Staré Heřminovy;8103;Bruntál;236;108;128;38;17;21;145;67;78;53;24;29
656855.719818807;5527280.36812151;551821;Tvrdkov;8120;Rýmařov;221;120;101;24;11;13;149;88;61;48;21;27
423653.472232293;5473040.93282363;551830;Škvořetice;3101;Blatná;316;172;144;47;28;19;209;115;94;60;29;31
674082.009535691;5567004.98980291;551848;Petrovice;8114;Krnov;134;62;72;16;7;9;79;39;40;39;16;23
428439.435994335;5458644.05741503;551856;Štěkeň;3111;Strakonice;846;405;441;119;54;65;565;285;280;162;66;96
688195.419392949;5569978.25849461;551864;Dívčí Hrad;8114;Krnov;295;155;140;54;27;27;204;113;91;37;15;22
690277.45218947;5573184.60941209;551872;Hlinka;8114;Krnov;178;89;89;25;16;9;129;66;63;24;7;17
692643.27722687;5576871.19456968;551881;Slezské Pavlovice;8114;Krnov;213;101;112;54;22;32;128;65;63;31;14;17
416564.115724628;5464596.61037582;551899;Třebohostice;3111;Strakonice;308;148;160;55;22;33;196;99;97;57;27;30
668139.468084152;5536709.27336709;551902;Malá Štáhle;8120;Rýmařov;141;76;65;24;10;14;89;49;40;28;17;11
658562.954080562;5539636.03077164;551911;Stará Ves;8120;Rýmařov;512;257;255;71;36;35;359;182;177;82;39;43
669747.942353425;5550798.04980808;551929;Andělská Hora;8103;Bruntál;377;190;187;62;33;29;268;134;134;47;23;24
424303.968096667;5480364.55901385;551937;Uzenice;3101;Blatná;113;56;57;4;4;0;77;39;38;32;13;19
669321.025878745;5543305.85596365;551945;Rudná pod Pradědem;8103;Bruntál;369;201;168;60;33;27;253;137;116;56;31;25
439914.500002404;5444277.09263507;551953;Vodňany;3117;Vodňany;6856;3383;3473;992;510;482;4661;2372;2289;1203;501;702
408031.802341151;5454554.05518302;551961;Volenice;3111;Strakonice;542;271;271;84;44;40;359;183;176;99;44;55
418477.640184065;5445444.61170106;551970;Volyně;3111;Strakonice;3074;1509;1565;474;237;237;2031;1041;990;569;231;338
414599.935683486;5470517.10066146;551988;Záboří;3101;Blatná;308;161;147;42;28;14;213;106;107;53;27;26
665508.468295807;5552988.59143683;551996;Ludvíkov;8103;Bruntál;305;158;147;26;17;9;230;118;112;49;23;26
682126.794138685;5548007.2832031;552003;Čaková;8114;Krnov;309;158;151;47;24;23;216;115;101;46;19;27
663535.144772;5505457.09062543;552011;Štarnov;7110;Šternberk;729;376;353;138;78;60;464;237;227;127;61;66
664477.266289713;5500817.23585044;552020;Hlušovice;7107;Olomouc;853;425;428;198;103;95;577;287;290;78;35;43
644039.385211926;5502653.11119586;552038;Loučka;7105;Litovel;208;107;101;21;11;10;140;78;62;47;18;29
477098.000665207;5473938.67179483;552046;Tábor;3112;Tábor;34641;16633;18008;5046;2583;2463;23073;11287;11786;6522;2763;3759
460271.720168262;5460844.14604957;552054;Bechyně;3112;Tábor;5154;2514;2640;704;372;332;3422;1746;1676;1028;396;632
645691.835987261;5501129.69401841;552062;Bílsko;7105;Litovel;226;113;113;44;26;18;146;72;74;36;15;21
650820.139135409;5501405.9174659;552071;Dubčany;7105;Litovel;232;109;123;45;18;27;160;81;79;27;10;17
667453.914843288;5500929.45474134;552089;Tovéř;7107;Olomouc;578;285;293;90;44;46;409;202;207;79;39;40
474042.015550771;5451778.60321869;552097;Borkovice;3110;Soběslav;222;111;111;27;12;15;150;78;72;45;21;24
471185.980590657;5483405.75122423;552101;Borotín;3112;Tábor;675;335;340;148;65;83;420;221;199;107;49;58
666112.302125246;5481247.25737312;552119;Věrovany;7107;Olomouc;1410;688;722;236;118;118;922;459;463;252;111;141
490907.391229404;5481958.07301191;552127;Bradáčov;3112;Tábor;52;27;25;3;2;1;25;15;10;24;10;14
464456.081951899;5455906.39208723;552135;Březnice;3112;Tábor;211;108;103;33;19;14;148;75;73;30;14;16
488979.658271768;5459878.3604258;552143;Budislav;3110;Soběslav;387;195;192;57;30;27;250;131;119;80;34;46
656944.394894328;5500760.86356052;552151;Skrbeň;7107;Olomouc;1184;584;600;191;97;94;811;420;391;182;67;115
655010.034194667;5509572.3642343;552160;Pňovice;7105;Litovel;921;467;454;162;90;72;638;331;307;121;46;75
648055.030408436;5505076.69868666;552178;Haňovice;7105;Litovel;445;220;225;54;28;26;305;161;144;86;31;55
648778.44075943;5510370.77149745;552186;Červenka;7105;Litovel;1428;710;718;231;112;119;938;488;450;259;110;149
641446.204453144;5504724.07478218;552194;Slavětín;7105;Litovel;214;103;111;48;22;26;129;68;61;37;13;24
487486.913956135;5454679.75965304;552208;Dírná;3110;Soběslav;408;196;212;48;24;24;260;135;125;100;37;63
653634.914583851;5493705.9794814;552216;Luběnice;7107;Olomouc;448;228;220;54;19;35;307;169;138;87;40;47
464659.226115337;5465788.3013995;552224;Dobronice u Bechyně;3112;Tábor;115;61;54;7;2;5;74;42;32;34;17;17
651851.902782967;5496721.42178971;552232;Loučany;7107;Olomouc;644;333;311;94;53;41;425;226;199;125;54;71
490205.037155297;5475361.02906528;552241;Dolní Hořice;3112;Tábor;805;417;388;113;66;47;518;278;240;174;73;101
644021.269836888;5497622.09421654;552259;Olbramice;7105;Litovel;221;113;108;26;8;18;157;88;69;38;17;21
648598.596117723;5499695.62433218;552267;Senička;7105;Litovel;346;165;181;57;25;32;230;114;116;59;26;33
477597.654223358;5452668.9986651;552275;Dráchov;3110;Soběslav;244;129;115;24;10;14;147;81;66;73;38;35
469789.266015317;5474164.92099012;552283;Dražice;3112;Tábor;810;408;402;139;75;64;541;272;269;130;61;69
470674.788150955;5471395.20593823;552291;Dražičky;3112;Tábor;145;69;76;33;17;16;93;44;49;19;8;11
667950.007658343;5513690.00515388;552305;Lipina;7110;Šternberk;171;89;82;29;13;16;121;68;53;21;8;13
668716.266548677;5508715.35269655;552313;Domašov u Šternberka;7110;Šternberk;319;160;159;51;26;25;219;114;105;49;20;29
471881.163385898;5460146.1146185;552321;Hlavatce;3110;Soběslav;369;174;195;55;21;34;245;118;127;69;35;34
665209.175522964;5513854.21266203;552330;Hlásnice;7110;Šternberk;212;113;99;51;29;22;133;71;62;28;13;15
660379.295885511;5513351.3872582;552348;Mladějovice;7110;Šternberk;702;357;345;129;64;65;470;246;224;103;47;56
663228.642926696;5512250.67001019;552356;Babice;7110;Šternberk;455;227;228;75;40;35;303;153;150;77;34;43
655791.428443305;5494973.12771857;552364;Ústín;7107;Olomouc;430;214;216;75;35;40;285;148;137;70;31;39
646731.509539627;5515868.62481611;552372;Medlov;7112;Uničov;1559;785;774;241;141;100;1056;534;522;262;110;152
649582.22875372;5523770.58926737;552381;Nová Hradečná;7112;Uničov;806;413;393;130;70;60;539;289;250;137;54;83
654434.141683618;5513176.60600744;552399;Želechovice;7112;Uničov;240;118;122;39;17;22;168;86;82;33;15;18
669544.489594741;5497273.38286977;552402;Bukovany;7107;Olomouc;642;319;323;101;50;51;450;231;219;91;38;53
673087.20022952;5495457.50195584;552411;Přáslavice;7107;Olomouc;1423;713;710;202;103;99;972;511;461;249;99;150
672063.991132033;5493426.31801368;552429;Svésedlice;7107;Olomouc;197;103;94;32;18;14;135;74;61;30;11;19
669335.210840087;5487938.20912823;552437;Krčmaň;7107;Olomouc;465;222;243;81;39;42;306;155;151;78;28;50
676881.142524406;5495238.18195922;552445;Daskabát;7107;Olomouc;597;295;302;87;53;34;375;188;187;135;54;81
490684.525903976;5457879.54017736;552453;Chotěmice;3110;Soběslav;111;60;51;13;9;4;75;44;31;23;7;16
476895.083492047;5480183.42455493;552461;Chotoviny;3112;Tábor;1742;885;857;320;169;151;1122;577;545;300;139;161
488393.901959671;5463777.89776982;552470;Choustník;3112;Tábor;510;256;254;80;37;43;324;174;150;106;45;61
750172.285887793;5508730.83169252;552488;Vojkovice;8106;Frýdek-Místek;642;319;323;111;56;55;440;223;217;91;40;51
485317.708548595;5474029.14775016;552496;Chýnov;3112;Tábor;2448;1166;1282;427;215;212;1578;770;808;443;181;262
747587.220993043;5510756.90177431;552500;Pazderna;8106;Frýdek-Místek;285;143;142;48;23;25;195;98;97;42;22;20
748205.690008448;5507085.43129435;552518;Nošovice;8106;Frýdek-Místek;991;499;492;156;78;78;662;341;321;173;80;93
749090.048380119;5505694.22555178;552526;Nižní Lhoty;8106;Frýdek-Místek;260;124;136;37;22;15;175;82;93;48;20;28
465958.573930872;5481413.03715987;552534;Jistebnice;3112;Tábor;2012;1013;999;306;157;149;1305;696;609;401;160;241
751725.818921566;5507043.34325504;552542;Dobratice;8106;Frýdek-Místek;1220;584;636;205;101;104;817;401;416;198;82;116
743510.013930181;5506781.54896257;552551;Staré Město;8106;Frýdek-Místek;1474;731;743;223;109;114;983;514;469;268;108;160
736273.348599491;5509139.90146274;552569;Staříč;8106;Frýdek-Místek;2127;1041;1086;326;148;178;1475;758;717;326;135;191
740476.761839702;5495629.1344694;552577;Pstruží;8107;Frýdlant nad Ostravicí;964;483;481;155;87;68;677;339;338;132;57;75
481519.194791753;5463509.96304726;552585;Košice;3112;Tábor;772;396;376;132;73;59;510;264;246;130;59;71
746977.950654366;5496206.59682429;552593;Malenovice;8107;Frýdlant nad Ostravicí;707;365;342;143;67;76;471;247;224;93;51;42
752044.613583808;5509435.78820364;552607;Dolní Tošanovice;8106;Frýdek-Místek;339;168;171;58;30;28;237;123;114;44;15;29
757270.301211468;5511744.20301425;552615;Vělopolí;8121;Třinec;282;136;146;53;22;31;187;98;89;42;16;26
754517.818508077;5512064.0164045;552623;Třanovice;8106;Frýdek-Místek;1036;526;510;171;95;76;696;356;340;169;75;94
753254.693056265;5509652.37741604;552631;Horní Tošanovice;8106;Frýdek-Místek;572;291;281;94;45;49;405;216;189;73;30;43
758507.369591405;5502763.92585473;552640;Řeka;8121;Třinec;537;264;273;80;37;43;358;183;175;99;44;55
757741.279527734;5507106.70735361;552658;Smilovice;8121;Třinec;764;395;369;143;77;66;501;269;232;120;49;71
469441.309092584;5466973.61449856;552666;Malšice;3112;Tábor;1828;911;917;271;138;133;1217;629;588;340;144;196
757680.831746393;5509970.80398395;552674;Střítež;8121;Třinec;1022;513;509;173;82;91;691;368;323;158;63;95
750962.884851059;5503838.42005729;552682;Vyšní Lhoty;8106;Frýdek-Místek;847;438;409;116;65;51;587;307;280;144;66;78
738370.752329433;5511446.63916128;552691;Žabeň;8106;Frýdek-Místek;802;394;408;145;67;78;521;265;256;136;62;74
486153.520497013;5485578.83377155;552704;Mladá Vožice;3112;Tábor;2725;1332;1393;436;207;229;1781;910;871;508;215;293
491302.655845949;5464900.87346151;552712;Mlýny;3112;Tábor;135;70;65;15;8;7;93;51;42;27;11;16
481997.392391309;5460631.63619248;552721;Myslkovice;3110;Soběslav;370;175;195;44;14;30;260;134;126;66;27;39
750603.691522791;5522054.51160583;552739;Horní Suchá;8108;Havířov;4537;2314;2223;751;397;354;3062;1599;1463;724;318;406
477891.290470584;5484878.91461226;552747;Nemyšl;3112;Tábor;291;153;138;61;37;24;186;100;86;44;16;28
676176.573267066;5475388.5724684;552755;Věžky;7109;Přerov;208;106;102;18;12;6;146;78;68;44;16;28
484111.662852404;5471308.83544151;552763;Nová Ves u Chýnova;3112;Tábor;320;160;160;58;29;29;210;113;97;52;18;34
683532.170293694;5477931.43461131;552771;Čechy;7109;Přerov;337;172;165;46;27;19;217;116;101;74;29;45
690793.732599175;5476421.51277836;552780;Křtomil;7109;Přerov;444;210;234;87;41;46;280;136;144;77;33;44
482031.953217494;5489743.36026139;552798;Oldřichov;3112;Tábor;224;114;110;38;22;16;141;74;67;45;18;27
463007.178452606;5473965.65924113;552801;Opařany;3112;Tábor;1417;715;702;206;116;90;954;496;458;257;103;154
686555.024299303;5479426.96945623;552810;Nahošovice;7109;Přerov;165;81;84;28;14;14;102;54;48;35;13;22
478986.13288561;5466860.83769258;552828;Planá nad Lužnicí;3112;Tábor;3964;1931;2033;679;330;349;2675;1341;1334;610;260;350
686847.882003021;5477263.68002924;552836;Turovice;7109;Přerov;217;118;99;20;11;9;165;95;70;32;12;20
695614.754044428;5497472.97534668;552844;Olšovec;7101;Hranice;503;255;248;86;43;43;340;181;159;77;31;46
487078.688760934;5480333.56757129;552852;Pohnání;3112;Tábor;75;38;37;12;5;7;45;25;20;18;8;10
492600.799634985;5482465.23745699;552861;Pojbuky;3112;Tábor;122;59;63;17;8;9;82;42;40;23;9;14
665710.819146832;5471925.89379565;552879;Uhřičice;7109;Přerov;579;296;283;85;46;39;369;193;176;125;57;68
663576.027760087;5466057.90528743;552887;Stříbrnice;7109;Přerov;272;132;140;57;26;31;159;79;80;56;27;29
482896.314588689;5454974.03860234;552895;Přehořov;3110;Soběslav;360;180;180;75;32;43;243;129;114;42;19;23
663297.916726779;5468576.4868874;552909;Měrovice nad Hanou;7109;Přerov;669;345;324;127;68;59;432;230;202;110;47;63
488162.761053089;5469484.40268316;552917;Radenín;3112;Tábor;500;264;236;77;42;35;329;181;148;94;41;53
458719.321636238;5463148.63261881;552925;Radětice;3112;Tábor;238;125;113;28;17;11;167;90;77;43;18;25
475000.123738654;5469539.99360024;552933;Radimovice u Želče;3112;Tábor;393;199;194;57;29;28;272;140;132;64;30;34
471243.907000281;5479377.83609556;552941;Radkov;3112;Tábor;163;90;73;30;18;12;106;60;46;27;12;15
687135.277392776;5482960.09783992;552950;Šišma;7109;Přerov;210;107;103;29;10;19;143;80;63;38;17;21
701660.583415519;5486898.51807567;552968;Horní Těšice;7101;Hranice;154;72;82;18;8;10;102;49;53;34;15;19
460130.810911755;5466494.35452175;552976;Rataje;3112;Tábor;210;111;99;31;13;18;144;83;61;35;15;20
702935.988156955;5486660.77721874;552984;Dolní Těšice;7101;Hranice;67;27;40;10;1;9;45;22;23;12;4;8
482959.942345868;5478758.94653025;552992;Ratibořské Hory;3112;Tábor;744;378;366;109;52;57;494;261;233;141;65;76
664199.019838225;5475470.66573645;553000;Oplocany;7109;Přerov;321;162;159;40;23;17;198;102;96;83;37;46
479680.994961029;5460855.68995861;553018;Roudná;3110;Soběslav;531;283;248;77;42;35;357;194;163;97;47;50
727539.96922351;5458392.40425389;553026;Valašská Senice;7212;Vsetín;455;216;239;55;22;33;306;155;151;94;39;55
466172.744768792;5472253.32021481;553034;Řepeč;3112;Tábor;278;134;144;51;27;24;182;85;97;45;22;23
694767.771293652;5531631.4572652;553042;Mladecko;8117;Opava;152;74;78;22;9;13;99;50;49;31;15;16
699637.369409862;5530852.56121019;553051;Dolní Životice;8117;Opava;1074;567;507;164;80;84;731;394;337;179;93;86
479232.200770827;5470063.70404965;553069;Sezimovo Ústí;3112;Tábor;7275;3521;3754;1033;539;494;4308;2188;2120;1934;794;1140
476876.195237118;5460996.16828477;553077;Skalice;3110;Soběslav;471;230;241;49;24;25;331;163;168;91;43;48
484841.915932924;5464746.89136544;553085;Skopytce;3112;Tábor;153;77;76;13;11;2;105;51;54;35;15;20
695832.841284846;5533680.16769388;553093;Hlavnice;8117;Opava;640;332;308;119;72;47;434;225;209;87;35;52
693366.605580076;5534841.96617857;553107;Bratříkovice;8117;Opava;154;82;72;23;14;9;102;56;46;29;12;17
695784.880250099;5528316.40824489;553115;Lhotka u Litultovic;8117;Opava;189;101;88;25;15;10;134;72;62;30;14;16
492259.426749462;5486531.48964812;553123;Smilovy Hory;3112;Tábor;367;184;183;43;19;24;229;126;103;95;39;56
478956.247473501;5456081.21108194;553131;Soběslav;3110;Soběslav;7043;3415;3628;990;517;473;4492;2283;2209;1561;615;946
463410.325753778;5468966.47446974;553140;Stádlec;3112;Tábor;562;280;282;83;43;40;352;183;169;127;54;73
701147.140940829;5540549.34896614;553158;Neplachovice;8117;Opava;947;458;489;181;84;97;601;302;299;165;72;93
466181.12454769;5460482.27005005;553166;Sudoměřice u Bechyně;3112;Tábor;730;385;345;136;75;61;468;244;224;126;66;60
475380.558427082;5483795.05941286;553174;Sudoměřice u Tábora;3112;Tábor;295;145;150;48;24;24;193;95;98;54;26;28
473578.983078735;5448198.73474627;553182;Sviny;3110;Soběslav;324;163;161;59;28;31;215;113;102;50;22;28
642285.29245157;5555313.62525032;553191;Vikantice;7111;Šumperk;79;42;37;13;5;8;50;31;19;16;6;10
485393.793887359;5492496.34308793;553204;Šebířov;3112;Tábor;346;180;166;28;14;14;230;120;110;88;46;42
632221.351753942;5542056.5814496;553212;Janoušov;7111;Šumperk;43;20;23;7;2;5;22;12;10;14;6;8
640476.583464289;5523658.87422278;553221;Hrabová;7113;Zábřeh;635;319;316;105;48;57;415;215;200;115;56;59
485213.16122043;5460416.48884611;553239;Tučapy;3110;Soběslav;775;397;378;115;52;63;526;282;244;134;63;71
639031.935089585;5545594.52948595;553247;Kopřivná;7111;Šumperk;267;147;120;51;26;25;182;103;79;34;18;16
482898.47755606;5442683.3724217;553255;Val;3110;Soběslav;251;131;120;40;21;19;150;79;71;61;31;30
476807.60551275;5455127.82414912;553263;Vesce;3110;Soběslav;272;146;126;46;26;20;192;103;89;34;17;17
477650.607902048;5446951.17220255;553271;Veselí nad Lužnicí;3110;Soběslav;6464;3172;3292;960;480;480;4273;2180;2093;1231;512;719
490331.622058125;5491054.10367243;553280;Vilice;3112;Tábor;139;74;65;7;4;3;109;62;47;23;8;15
472930.869707365;5456588.36008536;553298;Vlastiboř;3110;Soběslav;301;148;153;44;23;21;189;96;93;68;29;39
662203.067583028;5573310.09219167;553301;Hradec-Nová Ves;7102;Jeseník;387;187;200;71;33;38;259;129;130;57;25;32
480183.094430927;5444924.73974971;553310;Vlkov;3110;Soběslav;162;87;75;20;12;8;100;56;44;42;19;23
491891.338572281;5479097.22570711;553328;Vodice;3112;Tábor;159;84;75;12;7;5;90;54;36;57;23;34
641017.153217521;5518262.7581646;553336;Třeština;7106;Mohelnice;384;203;181;59;29;30;262;146;116;63;28;35
630811.568097435;5540380.28767085;553344;Jakubovice;7111;Šumperk;203;114;89;35;20;15;132;78;54;36;16;20
634065.932184097;5532279.98954642;553352;Postřelmůvek;7113;Zábřeh;312;148;164;31;16;15;219;107;112;62;25;37
470468.087108525;5452474.78407484;553361;Zálší;3110;Soběslav;272;127;145;38;16;22;182;88;94;52;23;29
642377.203208078;5533520.12178364;553379;Dolní Studénky;7111;Šumperk;1288;652;636;186;88;98;861;456;405;241;108;133
649102.374920793;5537445.7773938;553387;Hraběšice;7111;Šumperk;150;74;76;34;17;17;93;46;47;23;11;12
641919.551920152;5544043.35383012;553395;Rejchartice;7111;Šumperk;187;97;90;31;12;19;132;71;61;24;14;10
481794.653508629;5457786.74401281;553409;Zvěrotice;3110;Soběslav;393;196;197;64;28;36;257;134;123;72;34;38
474054.75662484;5463122.46869964;553417;Želeč;3112;Tábor;940;480;460;194;101;93;602;311;291;144;68;76
349375.866639606;5478137.71451612;553425;Domažlice;3202;Domažlice;11163;5364;5799;1740;867;873;7280;3616;3664;2143;881;1262
344265.800425113;5473211.33719905;553433;Babylon;3202;Domažlice;302;158;144;45;20;25;206;111;95;51;27;24
331062.374445531;5494111.78105725;553441;Bělá nad Radbuzou;3202;Domažlice;1769;920;849;256;138;118;1203;639;564;310;143;167
355928.349391511;5483964.27791335;553450;Blížejov;3204;Horšovský Týn;1456;761;695;285;152;133;995;527;468;176;82;94
653204.888641617;5581056.60820608;553468;Velká Kraš;7102;Jeseník;759;390;369;111;50;61;533;292;241;115;48;67
632151.763591106;5525322.24299882;553476;Nemile;7113;Zábřeh;636;309;327;97;45;52;442;229;213;97;35;62
645770.095561128;5572745.12807597;553484;Skorošice;7102;Jeseník;745;376;369;90;44;46;522;274;248;133;58;75
726621.353928681;5538567.12089289;553492;Závada;8109;Hlučín;592;284;308;101;44;57;404;212;192;87;28;59
355078.654839887;5494695.02363775;553506;Bukovec;3212;Stod;110;47;63;28;13;15;58;25;33;24;9;15
363822.286498989;5488575.26157402;553514;Čermná;3204;Horšovský Týn;241;115;126;30;13;17;156;81;75;55;21;34
391907.582661275;5466142.56635489;553522;Tužice;3203;Horažďovice;86;45;41;8;6;2;58;32;26;20;7;13
364815.962765057;5474364.68368635;553531;Černíkov;3205;Klatovy;326;160;166;39;20;19;242;122;120;45;18;27
342331.368580116;5470330.94047715;553549;Česká Kubice;3202;Domažlice;906;472;434;158;79;79;641;344;297;107;49;58
339983.193038933;5479376.10284282;553557;Díly;3202;Domažlice;380;190;190;51;25;26;257;135;122;72;30;42
395175.1298435;5477453.90420024;553565;Polánka;3207;Nepomuk;46;28;18;6;2;4;29;19;10;11;7;4
338088.512147939;5488362.09277008;553573;Drahotín;3202;Domažlice;193;97;96;43;21;22;125;62;63;25;14;11
345155.098289737;5479890.55390983;553581;Draženov;3202;Domažlice;419;210;209;69;41;28;285;140;145;65;29;36
390252.715617639;5502013.640106;553590;Nezbavětice;3209;Plzeň;209;107;102;27;10;17;149;83;66;33;14;19
403070.631687769;5534972.40633944;553603;Studená;3206;Kralovice;37;20;17;0;0;0;26;13;13;11;7;4
396290.024199184;5513473.57007816;553611;Litohlavy;3211;Rokycany;509;261;248;68;40;28;334;171;163;107;50;57
360776.788777956;5488491.94681271;553620;Hlohová;3204;Horšovský Týn;265;135;130;35;15;20;176;94;82;54;26;28
473911.683507185;5598664.7314696;553638;Tachov;5101;Česká Lípa;226;121;105;58;33;25;147;78;69;21;10;11
440992.457267216;5591587.19489436;553646;Dolánky nad Ohří;4205;Litoměřice;280;147;133;58;29;29;170;94;76;52;24;28
363833.883370348;5494683.37858759;553654;Holýšov;3212;Stod;5023;2461;2562;799;406;393;3368;1684;1684;856;371;485
362585.220202968;5491750.3113096;553662;Horní Kamenice;3212;Stod;239;117;122;34;16;18;156;82;74;49;19;30
350136.85769324;5490445.47239798;553671;Horšovský Týn;3204;Horšovský Týn;4961;2472;2489;707;354;353;3379;1722;1657;875;396;479
340244.601025062;5494031.91496512;553689;Hostouň;3202;Domažlice;1324;699;625;220;115;105;896;488;408;208;96;112
429136.054726409;5609947.92516294;553697;Trmice;4214;Ústí nad Labem;3288;1638;1650;678;329;349;2211;1138;1073;399;171;228
511835.364589742;5581672.83941996;553701;Bačalky;5207;Jičín;154;83;71;15;11;4;105;56;49;34;16;18
550623.040161392;5543137.07571393;553719;Srnojedy;5309;Pardubice;665;341;324;118;64;54;493;253;240;54;24;30
364999.006297502;5481078.02420202;553727;Chocomyšl;3202;Domažlice;113;53;60;10;7;3;77;38;39;26;8;18
341199.103793656;5475076.40594699;553735;Chodov;3202;Domažlice;768;383;385;118;62;56;514;259;255;136;62;74
360698.022335863;5468322.41834866;553743;Chodská Lhota;3202;Domažlice;422;207;215;63;34;29;281;140;141;78;33;45
352278.023725505;5480239.07850143;553751;Chrastavice;3202;Domažlice;391;205;186;72;42;30;272;142;130;47;21;26
586499.021865358;5541458.81712439;553760;Běstovice;5314;Vysoké Mýto;455;227;228;89;38;51;305;164;141;61;25;36
366019.183001132;5481756.84097114;553778;Kaničky;3202;Domažlice;27;15;12;3;2;1;19;11;8;5;2;3
358398.405775346;5471965.18154494;553786;Kdyně;3202;Domažlice;5278;2524;2754;804;385;419;3426;1734;1692;1048;405;643
340150.389047796;5477134.84406144;553794;Klenčí pod Čerchovem;3202;Domažlice;1314;647;667;217;114;103;862;432;430;235;101;134
363565.892053448;5483413.15869025;553816;Koloveč;3202;Domažlice;998;502;496;139;73;66;665;344;321;194;85;109
355187.020374846;5474049.02346552;553824;Kout na Šumavě;3202;Domažlice;1132;549;583;158;75;83;759;381;378;215;93;122
356819.492372292;5488993.7997261;553832;Křenovy;3204;Horšovský Týn;141;79;62;18;12;6;98;56;42;25;11;14
360649.98052236;5494459.74893769;553841;Kvíčovice;3212;Stod;378;197;181;63;36;27;258;135;123;57;26;31
364587.542290313;5469689.32693757;553859;Libkov;3202;Domažlice;112;56;56;24;12;12;71;35;36;17;9;8
362949.807474658;5470390.93814875;553867;Loučim;3202;Domažlice;127;66;61;23;12;11;65;36;29;39;18;21
603713.138434699;5486106.75773215;553875;Louka;6202;Boskovice;73;39;34;9;6;3;45;26;19;19;7;12
605435.418633409;5491233.51631242;553883;Ústup;6202;Boskovice;44;23;21;8;5;3;27;13;14;9;5;4
347489.914607426;5481267.47089384;553891;Luženičky;3202;Domažlice;362;190;172;62;31;31;253;134;119;47;25;22
694401.172048657;5478320.06608622;553905;Mrlínek;7201;Bystřice pod Hostýnem;278;142;136;35;20;15;197;106;91;46;16;30
348418.209912807;5484722.368076;553913;Meclov;3204;Horšovský Týn;1122;560;562;205;100;105;761;380;381;156;80;76
362623.452662349;5474872.09114651;553921;Mezholezy (dříve okres Domažlice);3202;Domažlice;97;43;54;20;10;10;61;28;33;16;5;11
349213.279654531;5499529.5828201;553930;Mezholezy (dříve okres Horšovský Tý;3204;Horšovský Týn;130;72;58;13;7;6;85;51;34;32;14;18
354583.807291103;5480996.01282571;553948;Milavče;3202;Domažlice;601;298;303;97;50;47;400;205;195;104;43;61
347384.961593227;5495903.52470382;553956;Mířkov;3204;Horšovský Týn;277;149;128;44;27;17;193;105;88;40;17;23
559460.160532897;5429368.76871745;553964;Častohostice;6106;Moravské Budějovice;182;94;88;23;15;8;117;63;54;42;16;26
650858.644027505;5459825.449411;553972;Rybníček;6219;Vyškov;274;130;144;38;18;20;196;96;100;40;16;24
351799.855450595;5472076.72627424;553981;Mrákov;3202;Domažlice;1142;580;562;172;85;87;763;399;364;207;96;111
335632.049689026;5490480.60640728;553999;Mutěnín;3202;Domažlice;248;126;122;33;14;19;174;93;81;41;19;22
333873.519381523;5479553.40706925;554006;Nemanice;3202;Domažlice;267;136;131;49;24;25;185;98;87;33;14;19
771596.435700694;5500041.95836351;554014;Návsí;8110;Jablunkov;3890;1913;1977;663;345;318;2634;1350;1284;593;218;375
360681.242560744;5496529.38906759;554022;Neuměř;3212;Stod;136;73;63;17;6;11;89;53;36;30;14;16
350090.522666193;5475838.70274179;554031;Nevolice;3202;Domažlice;195;98;97;29;15;14;142;75;67;24;8;16
722398.020705821;5519408.88369297;554049;Olbramice;8119;Ostrava;666;355;311;100;58;42;468;250;218;98;47;51
339842.09718998;5482368.05875433;554057;Nový Kramolín;3202;Domažlice;209;108;101;25;10;15;154;87;67;30;11;19
700534.697463371;5507979.79661003;554065;Jakubčovice nad Odrou;8116;Odry;648;338;310;90;48;42;457;241;216;101;49;52
358320.027374717;5486192.38167409;554073;Osvračín;3204;Horšovský Týn;613;307;306;100;51;49;417;214;203;96;42;54
346477.363517548;5473583.15108398;554081;Pasečnice;3202;Domažlice;208;111;97;22;13;9;148;80;68;38;18;20
341386.631494509;5473167.9252003;554090;Pec;3202;Domažlice;233;119;114;29;19;10;153;75;78;51;25;26
662856.722337909;5515770.52980203;554103;Řídeč;7110;Šternberk;204;108;96;35;20;15;141;76;65;28;12;16
340766.308855791;5486609.67928343;554111;Poběžovice;3202;Domažlice;1582;765;817;211;96;115;1040;522;518;331;147;184
362572.985973593;5466063.41725649;554120;Pocinovice;3202;Domažlice;570;302;268;84;40;44;385;219;166;101;43;58
339570.153926055;5480372.32128952;554138;Postřekov;3202;Domažlice;1126;578;548;145;73;72;752;407;345;229;98;131
654186.775766916;5545424.60814419;554146;Vernířovice;7111;Šumperk;218;113;105;35;12;23;141;81;60;42;20;22
355872.814892716;5491756.17223363;554154;Puclice;3204;Horšovský Týn;345;170;175;57;27;30;218;115;103;70;28;42
603882.707029445;5489075.61307365;554162;Crhov;6202;Boskovice;165;86;79;19;7;12;123;68;55;23;11;12
717640.370310336;5500286.91913628;554171;Šenov u Nového Jičína;8115;Nový Jičín;2112;1034;1078;343;160;183;1365;694;671;404;180;224
331432.383133738;5486785.05855125;554189;Rybník;3202;Domažlice;192;96;96;41;13;28;126;68;58;25;15;10
706797.723946292;5530406.650608;554197;Branka u Opavy;8117;Opava;1101;532;569;162;76;86;757;382;375;182;74;108
351180.553092424;5496248.86132498;554201;Semněvice;3204;Horšovský Týn;203;103;100;62;30;32;121;66;55;20;7;13
353701.280780346;5475438.89017471;554251;Spáňov;3202;Domažlice;188;98;90;33;17;16;123;67;56;32;14;18
365560.405077528;5485590.63148547;554260;Srbice;3202;Domažlice;383;190;193;41;22;19;249;118;131;93;50;43
345391.783521153;5489731.34070036;554278;Srby;3204;Horšovský Týn;438;217;221;78;43;35;284;139;145;76;35;41
360497.672654992;5490820.00970149;554294;Staňkov;3204;Horšovský Týn;3313;1655;1658;528;275;253;2165;1111;1054;620;269;351
348004.55790973;5475030.36656715;554316;Stráž;3202;Domažlice;231;125;106;23;9;14;169;97;72;39;19;20
348933.432927927;5472590.33344374;554341;Tlumačov;3202;Domažlice;430;214;216;70;36;34;278;144;134;82;34;48
343667.568413454;5476584.8519944;554359;Trhanov;3202;Domažlice;539;263;276;81;28;53;345;186;159;113;49;64
345231.986185189;5477132.46038905;554383;Újezd;3202;Domažlice;413;202;211;89;43;46;260;131;129;64;28;36
363476.426910175;5480622.32005249;554391;Únějovice;3202;Domažlice;108;62;46;20;13;7;75;44;31;13;5;8
362678.535126131;5473247.39153663;554405;Úsilov;3202;Domažlice;133;64;69;12;5;7;99;48;51;22;11;11
353213.655707986;5498869.9053344;554413;Velký Malahov;3204;Horšovský Týn;256;131;125;55;24;31;166;91;75;35;16;19
344119.459228862;5496695.50326574;554421;Vidice;3204;Horšovský Týn;162;79;83;25;12;13;106;54;52;31;13;18
362823.094376497;5479255.39705792;554448;Všepadly;3202;Domažlice;44;25;19;2;1;1;28;16;12;14;8;6
354574.98545927;5467057.8775583;554456;Všeruby;3202;Domažlice;787;403;384;107;54;53;553;291;262;127;58;69
356060.377396528;5477765.04765763;554464;Zahořany;3202;Domažlice;998;507;491;155;89;66;678;351;327;165;67;98
344550.804996976;5481408.79806318;554472;Ždánov;3202;Domažlice;154;78;76;29;17;12;100;48;52;25;13;12
312433.609824666;5549745.55406622;554481;Cheb;4102;Cheb;32355;15899;16456;5126;2664;2462;21626;10942;10684;5603;2293;3310
302210.926618474;5566651.06087566;554499;Aš;4101;Aš;13190;6573;6617;2289;1239;1050;8766;4432;4334;2135;902;1233
324978.342817781;5544310.79810866;554502;Dolní Žandov;4102;Cheb;1236;634;602;233;129;104;821;422;399;182;83;99
332103.928871762;5534525.80895161;554511;Drmoul;4105;Mariánské Lázně;963;477;486;175;95;80;636;313;323;152;69;83
309697.11804134;5555887.02289007;554529;Františkovy Lázně;4102;Cheb;5536;2658;2878;824;447;377;3593;1741;1852;1119;470;649
304073.957001307;5560467.19614779;554545;Hazlov;4101;Aš;1559;789;770;239;127;112;1067;550;517;253;112;141
297735.813544085;5575097.88437249;554553;Hranice;4101;Aš;2145;1063;1082;304;157;147;1459;740;719;382;166;216
315157.611750969;5562089.21578898;554596;Křižovatka;4102;Cheb;271;136;135;46;24;22;182;93;89;43;19;24
330619.418524534;5543874.12103131;554600;Lázně Kynžvart;4105;Mariánské Lázně;1454;701;753;201;107;94;942;472;470;311;122;189
302673.002771337;5555638.68745527;554618;Libá;4102;Cheb;722;355;367;105;50;55;502;256;246;115;49;66
318248.411415294;5543749.93804095;554626;Lipová;4102;Cheb;719;363;356;107;47;60;467;247;220;145;69;76
315031.59646274;5570503.75013793;554634;Luby;4102;Cheb;2147;1071;1076;287;131;156;1444;757;687;416;183;233
334954.119475894;5539461.09275073;554642;Mariánské Lázně;4105;Mariánské Lázně;13224;6191;7033;1669;878;791;8606;4140;4466;2949;1173;1776
319048.343115242;5559304.3142362;554651;Milhostov;4102;Cheb;337;173;164;75;34;41;226;125;101;36;14;22
339672.143020678;5543408.86130698;554677;Mnichov;4105;Mariánské Lázně;396;165;231;55;25;30;281;114;167;60;26;34
318965.594852546;5555718.90081729;554693;Nebanice;4102;Cheb;349;169;180;47;19;28;260;133;127;42;17;25
318411.560520327;5564863.54324696;554707;Nový Kostel;4102;Cheb;488;247;241;76;34;42;323;174;149;89;39;50
311907.945585754;5566944.87726908;554740;Plesná;4102;Cheb;1953;977;976;297;142;155;1357;700;657;299;135;164
461780.125141787;5546193.06782292;554782;Praha;1000;Praha;1267449;614669;652780;188832;97037;91795;844932;421594;423338;233685;96038;137647
382762.213292007;5511015.2240456;554791;Plzeň;3209;Plzeň;169858;82617;87241;24454;12393;12061;111280;56016;55264;34124;14208;19916
432096.265274242;5612264.20810633;554804;Ústí nad Labem;4214;Ústí nad Labem;93248;45207;48041;15130;7700;7430;60694;30362;30332;17424;7145;10279
312083.173686751;5561075.61866183;554812;Skalná;4102;Cheb;1924;948;976;317;176;141;1258;633;625;349;139;210
733521.074517864;5523015.80827043;554821;Ostrava;8119;Ostrava;292681;141703;150978;42738;21829;20909;195429;98430;96999;54514;21444;33070
568461.824437155;5518274.62059892;554847;Mrákotín;5304;Chrudim;358;190;168;64;38;26;231;124;107;63;28;35
332503.626866852;5532306.07194336;554855;Trstěnice;4105;Mariánské Lázně;383;199;184;60;31;29;265;140;125;58;28;30
551525.866312714;5589654.40732602;554863;Dolní Brusnice;5203;Dvůr Králové nad Labem;377;194;183;59;32;27;265;137;128;53;25;28
565687.560191135;5448392.33411459;554871;Střítež;6113;Třebíč;523;256;267;85;44;41;346;173;173;92;39;53
327601.318150147;5534471.89905632;554880;Tři Sekery;4105;Mariánské Lázně;924;465;459;152;80;72;620;311;309;152;74;78
642628.595283952;5455163.49379366;554898;Rostěnice-Zvonovice;6219;Vyškov;516;255;261;86;41;45;372;190;182;58;24;34
658313.223412567;5498178.81834455;554901;Křelov-Břuchotín;7107;Olomouc;1695;822;873;299;129;170;1122;569;553;274;124;150
705758.899066381;5500651.71113191;554910;Vražné;8116;Odry;847;428;419;134;71;63;582;307;275;131;50;81
767620.421385603;5506253.41605527;554928;Vendryně;8121;Třinec;4463;2196;2267;783;391;392;2930;1485;1445;750;320;430
719889.863053493;5520689.63741127;554936;Bítov;8101;Bílovec;449;228;221;74;35;39;293;154;139;82;39;43
673737.130027703;5498014.88048115;554944;Mrsklesy;7107;Olomouc;669;341;328;104;61;43;438;222;216;127;58;69
575235.002929202;5516233.84771321;554952;Otradov;5302;Hlinsko;274;147;127;35;22;13;193;105;88;46;20;26
347522.578789536;5565663.89755112;554961;Karlovy Vary;4103;Karlovy Vary;49326;23714;25612;6329;3138;3191;32233;16184;16049;10764;4392;6372
345642.007367589;5582968.2265705;554979;Abertamy;4106;Ostrov;1094;551;543;178;81;97;770;408;362;146;62;84
346136.219244297;5551281.96872467;554995;Bečov nad Teplou;4103;Karlovy Vary;942;489;453;142;77;65;608;328;280;192;84;108
358347.466593927;5555648.88825115;555029;Bochov;4103;Karlovy Vary;2023;1030;993;337;167;170;1377;728;649;309;135;174
340362.381811664;5570929.35594564;555045;Božičany;4103;Karlovy Vary;604;316;288;95;55;40;425;222;203;84;39;45
747534.035139493;5520477.94420687;555088;Havířov;8108;Havířov;74101;36024;38077;10208;5232;4976;48822;24861;23961;15071;5931;9140
554697.027183219;5542268.4522822;555134;Pardubice;5309;Pardubice;89638;43689;45949;13169;6838;6331;58214;29384;28830;18255;7467;10788
341313.988300645;5584003.23267259;555169;Horní Blatná;4106;Ostrov;445;237;208;58;34;24;323;174;149;64;29;35
366781.35245853;5569377.31195112;555177;Hradiště;4103;Karlovy Vary;531;293;238;101;61;40;353;199;154;77;33;44
348052.064719502;5574721.80308284;555185;Hroznětín;4106;Ostrov;1960;988;972;328;190;138;1351;677;674;281;121;160
444584.540318828;5616072.0003809;555193;Těchlovice;4202;Děčín;522;272;250;90;51;39;359;186;173;73;35;38
375679.370685922;5550654.87421563;555207;Chyše;4103;Karlovy Vary;583;309;274;100;55;45;365;200;165;118;54;64
351111.779150077;5582554.58166455;555215;Jáchymov;4106;Ostrov;2664;1290;1374;435;226;209;1822;911;911;407;153;254
432761.503305662;5619867.22939309;555223;Velké Chvojno;4214;Ústí nad Labem;847;449;398;141;72;69;597;325;272;109;52;57
581792.214170667;5414442.60177806;555231;Suchohrdly;6220;Znojmo;1255;634;621;226;121;105;848;423;425;181;90;91
603950.562794557;5524661.08230541;555240;Semanín;5301;Česká Třebová;632;312;320;128;62;66;416;216;200;88;34;54
349925.518939541;5561294.75838047;555258;Kolová;4103;Karlovy Vary;713;362;351;106;57;49;500;250;250;107;55;52
531632.513180687;5499621.17247761;555266;Nová Ves u Světlé;6111;Světlá nad Sázavou;541;271;270;108;54;54;358;184;174;75;33;42
715480.608505309;5532267.38397841;555274;Nové Sedlice;8117;Opava;498;251;247;72;35;37;350;184;166;76;32;44
629479.377558477;5423897.08437934;555282;Kurdějov;6207;Hustopeče;429;223;206;72;37;35;300;162;138;57;24;33
757838.862516796;5519331.7034247;555291;Chotěbuz;8104;Český Těšín;1302;637;665;235;107;128;875;446;429;192;84;108
350540.078329636;5549196.68944648;555304;Krásné Údolí;4103;Karlovy Vary;408;210;198;54;26;28;276;150;126;78;34;44
713961.779882275;5510173.36188788;555312;Kujavy;8101;Bílovec;573;291;282;112;54;58;384;204;180;77;33;44
356692.027613858;5570305.81348485;555347;Kyselka;4103;Karlovy Vary;790;418;372;118;64;54;540;292;248;132;62;70
346645.901862022;5578609.12510241;555363;Merklín;4106;Ostrov;1027;513;514;150;70;80;729;373;356;148;70;78
339147.007718931;5577276.92854953;555380;Nejdek;4103;Karlovy Vary;7990;3957;4033;1138;584;554;5372;2771;2601;1480;602;878
343040.320032286;5570783.08989633;555398;Nová Role;4103;Karlovy Vary;4144;2025;2119;621;336;285;2671;1330;1341;852;359;493
354460.218659895;5576231.46142662;555428;Ostrov;4106;Ostrov;17079;8376;8703;2568;1313;1255;11418;5791;5627;3093;1272;1821
348481.686339912;5545046.36627554;555444;Otročín;4103;Karlovy Vary;461;243;218;60;31;29;325;181;144;76;31;45
343175.98534142;5582287.04593021;555452;Pernink;4106;Ostrov;644;334;310;91;48;43;407;223;184;146;63;83
340898.216146758;5587059.77984615;555479;Potůčky;4106;Ostrov;445;231;214;92;49;43;313;164;149;40;18;22
370916.388358977;5545308.01061812;555525;Pšov;4103;Karlovy Vary;579;296;283;80;37;43;405;219;186;94;40;54
352388.439452008;5570035.56786924;555533;Sadov;4103;Karlovy Vary;1270;628;642;188;91;97;918;467;451;164;70;94
348954.037599039;5557623.20181616;555550;Stanovice;4103;Karlovy Vary;621;331;290;99;53;46;440;237;203;82;41;41
361638.978520424;5580907.52152324;555584;Stráž nad Ohří;4106;Ostrov;587;289;298;87;38;49;393;210;183;107;41;66
356628.600069254;5560644.84385245;555592;Stružná;4103;Karlovy Vary;548;277;271;74;33;41;393;211;182;81;33;48
354789.276217964;5566978.83748659;555614;Šemnice;4103;Karlovy Vary;643;338;305;108;70;38;454;233;221;81;35;46
364849.740953567;5546072.59949585;555622;Štědrá;4103;Karlovy Vary;559;299;260;93;49;44;362;197;165;104;53;51
347017.30010648;5538287.17516166;555631;Teplá;4105;Mariánské Lázně;2962;1499;1463;481;235;246;1997;1059;938;484;205;279
356976.455344249;5544216.90709958;555657;Toužim;4103;Karlovy Vary;3728;1883;1845;556;277;279;2496;1313;1183;676;293;383
353024.571590886;5550609.60005139;555681;Útvina;4103;Karlovy Vary;574;282;292;101;51;50;386;195;191;87;36;51
374664.749783927;5558895.93117224;555690;Valeč;4103;Karlovy Vary;357;180;177;53;24;29;230;122;108;74;34;40
357950.721546147;5572048.47199812;555703;Velichov;4106;Ostrov;557;289;268;68;30;38;393;218;175;96;41;55
368547.310906876;5557269.93667105;555711;Verušičky;4103;Karlovy Vary;372;192;180;44;24;20;283;148;135;45;20;25
359180.522884437;5575101.67627815;555738;Vojkovice;4106;Ostrov;640;352;288;90;54;36;440;243;197;110;55;55
368314.964550992;5551300.80545283;555762;Žlutice;4103;Karlovy Vary;2400;1192;1208;302;157;145;1644;845;799;454;190;264
377053.991375273;5473218.27910944;555771;Klatovy;3205;Klatovy;22415;10762;11653;3238;1655;1583;14620;7196;7424;4557;1911;2646
377576.668781023;5461911.53249961;555797;Běšiny;3205;Klatovy;803;408;395;133;71;62;518;268;250;152;69;83
370207.415100474;5472062.41811214;555801;Bezděkov;3205;Klatovy;946;459;487;170;79;91;606;299;307;170;81;89
382253.464009179;5474656.99340173;555835;Bolešiny;3205;Klatovy;769;374;395;121;65;56;538;263;275;110;46;64
396646.709828135;5460683.16144531;555894;Budětice;3214;Sušice;298;153;145;41;22;19;176;95;81;81;36;45
375967.000223178;5452389.50477145;555941;Čachrov;3205;Klatovy;517;294;223;64;45;19;350;197;153;103;52;51
369389.709983037;5458018.82287256;556041;Dešenice;3205;Klatovy;689;346;343;102;43;59;465;247;218;122;56;66
367296.466220584;5469967.58937331;556068;Dlažov;3205;Klatovy;462;239;223;90;45;45;293;157;136;79;37;42
391827.825336268;5449290.01059688;556076;Dlouhá Ves;3214;Sušice;869;473;396;134;72;62;581;323;258;154;78;76
382117.637468401;5440915.3555044;556084;Prášily;3214;Sušice;153;77;76;23;11;12;112;58;54;18;8;10
372390.860663801;5478373.36014587;556106;Dolany;3205;Klatovy;897;448;449;167;78;89;564;290;274;166;80;86
385883.717093091;5447188.73875275;556181;Hartmanice;3214;Sušice;1039;533;506;138;73;65;672;360;312;229;100;129
382648.24016064;5454366.47002989;556203;Hlavňovice;3214;Sušice;489;250;239;62;40;22;319;156;163;108;54;54
406565.764910978;5464877.34034791;556254;Horažďovice;3203;Horažďovice;5368;2592;2776;806;402;404;3451;1729;1722;1111;461;650
390950.794624198;5459278.99305122;556301;Hrádek;3214;Sušice;1419;718;701;236;130;106;961;494;467;222;94;128
397798.031825701;5464716.22961054;556319;Hradešice;3203;Horažďovice;415;216;199;56;28;28;276;153;123;83;35;48
405708.571697015;5472753.44619581;556335;Chanovice;3203;Horažďovice;730;386;344;102;53;49;486;271;215;142;62;80
381108.584370276;5464416.62529617;556343;Chlistov;3205;Klatovy;123;60;63;15;8;7;79;37;42;29;15;14
367895.38091865;5480119.17097762;556378;Chudenice;3205;Klatovy;762;374;388;122;66;56;487;247;240;153;61;92
360417.233643402;5460748.18125769;556386;Chudenín;3205;Klatovy;593;306;287;93;53;40;414;210;204;86;43;43
369944.221957937;5467183.37836195;556394;Janovice nad Úhlavou;3205;Klatovy;2241;1131;1110;412;207;205;1523;787;736;306;137;169
395176.132629954;5442956.22958094;556432;Kašperské Hory;3214;Sušice;1450;709;741;177;100;77;956;485;471;317;124;193
384145.099703754;5462758.17415712;556467;Kolinec;3214;Sušice;1452;731;721;217;109;108;962;503;459;273;119;154
369026.31006521;5484148.46229165;556505;Křenice;3205;Klatovy;203;103;100;35;21;14;120;64;56;48;18;30
401707.516463866;5463860.30062437;556629;Malý Bor;3203;Horažďovice;509;270;239;49;19;30;358;208;150;102;43;59
385001.648772318;5481095.28222872;556637;Měčín;3205;Klatovy;1149;593;556;177;81;96;757;409;348;215;103;112
381402.024468207;5468640.9197328;556718;Mochtín;3205;Klatovy;1017;529;488;167;93;74;676;350;326;174;86;88
387622.83664207;5458748.57683626;556726;Mokrosuky;3214;Sušice;128;67;61;19;11;8;72;41;31;37;15;22
397175.762589574;5474152.3062093;556734;Myslív;3203;Horažďovice;426;219;207;60;34;26;279;143;136;87;42;45
394103.378911987;5466324.19676652;556751;Nalžovské Hory;3203;Horažďovice;1155;585;570;148;71;77;752;416;336;255;98;157
398523.459211303;5446761.75231964;556815;Nezdice na Šumavě;3214;Sušice;318;158;160;34;14;20;192;98;94;92;46;46
366181.745847874;5460250.83505489;556831;Nýrsko;3205;Klatovy;4962;2475;2487;702;368;334;3412;1749;1663;848;358;490
722111.156930899;5516534.35386124;556858;Bravantice;8101;Bílovec;911;481;430;151;80;71;658;351;307;102;50;52
714675.606596244;5466125.97926021;556866;Lhota u Vsetína;7212;Vsetín;776;379;397;122;56;66;525;273;252;129;50;79
705259.798250625;5443318.14497897;556874;Petrůvka;7204;Luhačovice;327;154;173;40;17;23;226;109;117;61;28;33
554808.539828323;5528339.37170725;556882;Rabštejnská Lhota;5304;Chrudim;777;375;402;146;73;73;548;265;283;83;37;46
399832.253623691;5470297.7908219;556912;Pačejov;3203;Horažďovice;766;396;370;100;56;44;479;254;225;187;86;101
386337.778723856;5453541.68265867;556921;Petrovice u Sušice;3214;Sušice;617;313;304;103;52;51;401;205;196;113;56;57
352381.37157161;5561004.05980616;556947;Pila;4103;Karlovy Vary;521;251;270;90;44;46;338;170;168;93;37;56
389590.212528919;5472678.68086218;556955;Plánice;3205;Klatovy;1638;824;814;222;114;108;1105;580;525;311;130;181
617326.525170232;5472759.50094382;556963;Spešov;6201;Blansko;653;343;310;122;70;52;422;226;196;109;47;62
759994.356299868;5511146.56915859;556971;Ropice;8121;Třinec;1570;745;825;262;117;145;1087;536;551;221;92;129
713560.889633872;5437653.22869353;556980;Rokytnice;7209;Valašské Klobouky;585;296;289;72;39;33;390;202;188;123;55;68
690268.499249423;5491147.50460573;556998;Jezernice;7104;Lipník nad Bečvou;648;325;323;79;40;39;459;242;217;110;43;67
383587.32353293;5477548.98284324;557005;Předslav;3205;Klatovy;739;358;381;121;56;65;482;239;243;136;63;73
399323.579532093;5459677.07056799;557013;Rabí;3214;Sušice;508;252;256;76;40;36;325;167;158;107;45;62
391780.671824706;5441566.88962716;557021;Rejštejn;3214;Sušice;239;124;115;34;18;16;157;84;73;48;22;26
480775.232884997;5562116.47509138;557030;Skorkov;2115;Mladá Boleslav;574;278;296;104;51;53;370;182;188;100;45;55
645286.638264104;5441300.32819642;557048;Mouřínov;6205;Bučovice;455;228;227;66;35;31;315;161;154;74;32;42
358793.550485022;5511412.31374126;557081;Sytno;3213;Stříbro;334;190;144;32;12;20;252;154;98;50;24;26
404009.939809418;5450977.86759608;557099;Soběšice;3214;Sušice;399;188;211;49;23;26;244;120;124;106;45;61
714386.259440437;5441325.28512128;557102;Bohuslavice nad Vláří;7204;Luhačovice;369;183;186;40;20;20;263;137;126;66;26;40
389028.355895795;5436713.78901419;557111;Srní;3214;Sušice;245;120;125;31;15;16;173;86;87;41;19;22
401884.664852969;5447493.74160144;557129;Strašín;3214;Sušice;329;162;167;44;17;27;215;115;100;70;30;40
372648.318922577;5461752.44041127;557137;Strážov;3205;Klatovy;1406;726;680;224;115;109;876;468;408;306;143;163
693686.017313935;5466220.09340142;557145;Lukoveček;7213;Zlín;420;210;210;77;44;33;267;131;136;76;35;41
392899.816367818;5452900.31774223;557153;Sušice;3214;Sušice;11130;5343;5787;1624;824;800;7189;3583;3606;2317;936;1381
408384.221013904;5469027.52848236;557161;Svéradice;3203;Horažďovice;327;155;172;38;16;22;215;105;110;74;34;40
701219.580371444;5460878.09787107;557170;Ostrata;7213;Zlín;391;194;197;50;28;22;277;144;133;64;22;42
671376.595676679;5457973.55849562;557188;Šelešovice;7203;Kroměříž;318;155;163;51;24;27;208;104;104;59;27;32
660654.651173308;5463523.7564596;557196;Pavlovice u Kojetína;7108;Prostějov;267;131;136;35;14;21;185;96;89;47;21;26
377005.633836358;5482453.29814873;557200;Švihov;3205;Klatovy;1701;838;863;268;137;131;1079;549;530;354;152;202
651086.749187333;5578995.39380686;557218;Kobylá nad Vidnavkou;7102;Jeseník;400;187;213;62;30;32;242;120;122;96;37;59
773896.701588553;5498358.76367125;557226;Písečná;8110;Jablunkov;978;491;487;184;94;90;658;333;325;136;64;72
381689.267169011;5457658.52517019;557366;Velhartice;3214;Sušice;826;423;403;96;48;48;556;298;258;174;77;97
403957.087927937;5462334.60782432;557374;Velké Hydčice;3203;Horažďovice;255;132;123;33;17;16;176;95;81;46;20;26
405606.889532981;5469461.47835323;557382;Velký Bor;3203;Horažďovice;563;283;280;88;47;41;385;199;186;90;37;53
376804.765500231;5466496.67808881;557455;Vrhaveč;3205;Klatovy;907;456;451;150;67;83;592;317;275;165;72;93
389658.102987467;5466755.47409243;557463;Zavlekov;3205;Klatovy;411;227;184;57;31;26;277;154;123;77;42;35
370472.8883878;5447671.50738566;557528;Železná Ruda;3205;Klatovy;1674;852;822;231;128;103;1188;597;591;255;127;128
399455.434831469;5452068.78804373;557536;Žihobce;3214;Sušice;606;298;308;84;40;44;383;198;185;139;60;79
400863.18755782;5458024.6759182;557544;Žichovice;3214;Sušice;662;327;335;84;44;40;438;222;216;140;61;79
395246.524855771;5493056.42630811;557587;Blovice;3201;Blovice;4143;2013;2130;626;322;304;2697;1367;1330;820;324;496
384303.313914087;5500621.17199278;557641;Čižice;3210;Přeštice;517;258;259;80;42;38;335;165;170;102;51;51
404669.435880311;5489647.62148812;557650;Čížkov;3207;Nepomuk;646;339;307;83;45;38;414;220;194;149;74;75
373581.551129946;5497061.14234259;557668;Dnešice;3212;Stod;828;437;391;99;53;46;573;317;256;156;67;89
377885.647445429;5502065.68777907;557676;Dobřany;3212;Stod;6199;3075;3124;1105;583;522;4109;2043;2066;985;449;536
381240.000626673;5496128.9203275;557684;Dolní Lukavice;3210;Přeštice;917;463;454;156;83;73;605;313;292;156;67;89
384115.383697927;5488043.91397941;557722;Horšice;3210;Přeštice;410;210;200;57;31;26;293;152;141;60;27;33
364410.95286942;5499893.52618226;557731;Hradec;3212;Stod;543;275;268;71;38;33;391;198;193;81;39;42
409391.307429548;5475833.20515847;557749;Hradiště;3207;Nepomuk;208;115;93;23;13;10;135;81;54;50;21;29
390386.057015234;5495509.20687308;557773;Chlum;3201;Blovice;239;115;124;44;20;24;143;71;72;52;24;28
377892.703798961;5498806.43953183;557781;Chlumčany;3210;Přeštice;2363;1193;1170;343;170;173;1607;840;767;413;183;230
392406.62785143;5489932.29718431;557803;Chocenice;3201;Blovice;566;286;280;90;44;46;379;193;186;97;49;48
370344.04687478;5502002.67851404;557838;Chotěšov;3212;Stod;2784;1405;1379;442;234;208;1832;946;886;510;225;285
390040.161656244;5499423.5511751;557846;Chválenice;3209;Plzeň;695;358;337;125;67;58;484;250;234;86;41;45
407060.010174096;5480408.7374072;557862;Kasejovice;3207;Nepomuk;1277;657;620;172;90;82;830;447;383;275;120;155
381756.083111778;5483357.23461346;557871;Kbel;3210;Přeštice;303;163;140;36;20;16;191;109;82;76;34;42
396975.261419011;5483998.04997166;557897;Klášter;3207;Nepomuk;214;113;101;39;20;19;130;70;60;45;23;22
397020.884294949;5477981.06196707;557943;Kramolín;3207;Nepomuk;107;43;64;18;6;12;69;32;37;20;5;15
388944.397839334;5488728.05138446;557951;Letiny;3201;Blovice;678;336;342;102;60;42;434;220;214;142;56;86
387714.723578082;5502917.27605359;558001;Losiná;3209;Plzeň;1288;622;666;211;93;118;875;439;436;202;90;112
399493.024682905;5490573.26263833;558010;Louňová;3201;Blovice;90;46;44;14;6;8;59;32;27;17;8;9
377854.817225984;5489053.86351103;558028;Lužany;3210;Přeštice;652;324;328;99;51;48;415;213;202;138;60;78
368512.580701052;5491148.38509844;558044;Merklín;3210;Přeštice;1192;604;588;205;112;93;784;393;391;203;99;104
400238.172396667;5479568.64551071;558052;Mileč;3207;Nepomuk;393;217;176;48;25;23;263;158;105;82;34;48
408173.771324842;5486537.8410981;558061;Mladý Smolivec;3207;Nepomuk;714;360;354;97;48;49;473;252;221;144;60;84
401695.852806471;5481705.01724891;558079;Mohelnice;3207;Nepomuk;60;27;33;6;2;4;39;20;19;15;5;10
400249.163377649;5476425.76326253;558095;Nekvasovy;3207;Nepomuk;163;90;73;16;7;9;106;63;43;41;20;21
396319.385850773;5482264.10712735;558109;Nepomuk;3207;Nepomuk;3755;1896;1859;615;306;309;2522;1325;1197;618;265;353
386628.389495348;5496759.09099432;558117;Netunice;3210;Přeštice;203;100;103;39;20;19;124;61;63;40;19;21
391974.275074056;5479222.34544096;558125;Neurazy;3207;Nepomuk;897;495;402;114;50;64;590;352;238;193;93;100
392765.770699946;5499749.68654254;558141;Nezvěstice;3209;Plzeň;1451;706;745;228;106;122;920;466;454;303;134;169
403928.461968919;5493853.94336903;558176;Nové Mitrovice;3201;Blovice;311;172;139;42;25;17;207;119;88;62;28;34
404388.164349644;5476958.09644601;558184;Oselce;3207;Nepomuk;330;157;173;39;15;24;201;105;96;90;37;53
394153.183213655;5484467.6480145;558231;Prádlo;3207;Nepomuk;260;156;104;28;16;12;177;114;63;55;26;29
378331.017051954;5492806.03843735;558249;Přeštice;3210;Přeštice;7099;3526;3573;996;485;511;4775;2454;2321;1328;587;741
380962.722571716;5490196.39513192;558257;Příchovice;3210;Přeštice;1090;559;531;168;95;73;738;384;354;184;80;104
368986.26649048;5487306.64413651;558265;Ptenín;3210;Přeštice;201;98;103;25;13;12;130;66;64;46;19;27
373370.561669685;5488915.77433665;558290;Roupov;3210;Přeštice;253;131;122;32;21;11;167;92;75;54;18;36
385626.642484676;5493498.26974334;558303;Řenče;3210;Přeštice;908;471;437;127;65;62;611;325;286;170;81;89
391422.784326907;5493890.13414109;558311;Seč;3201;Blovice;303;143;160;50;29;21;212;99;113;41;15;26
373095.227805974;5492275.89957974;558346;Soběkury;3210;Přeštice;585;306;279;78;43;35;391;210;181;116;53;63
401083.875031085;5497251.92881767;558362;Spálené Poříčí;3201;Blovice;2710;1380;1330;424;227;197;1792;928;864;494;225;269
389452.096050783;5506126.60734633;558371;Starý Plzenec;3209;Plzeň;4955;2415;2540;764;371;393;3241;1623;1618;950;421;529
367957.776030219;5498988.19629054;558389;Stod;3212;Stod;3597;1835;1762;473;252;221;2403;1277;1126;721;306;415
388503.920631986;5496879.79239492;558401;Střížovice;3201;Blovice;390;199;191;54;24;30;269;141;128;67;34;33
655041.846788577;5484780.93338601;558419;Držovice;7108;Prostějov;1410;708;702;192;105;87;937;471;466;281;132;149
393693.4020785;5503325.13490527;558427;Šťáhlavy;3209;Plzeň;2523;1264;1259;420;240;180;1571;782;789;532;242;290
384909.639283731;5503044.37638968;558435;Štěnovice;3210;Přeštice;1986;995;991;392;208;184;1297;651;646;297;136;161
638025.231332047;5407662.11131054;558443;Ladná;6204;Břeclav;1245;592;653;156;73;83;828;413;415;261;106;155
392036.288551878;5508450.97026932;558460;Tymákov;3209;Plzeň;953;483;470;181;98;83;625;310;315;147;75;72
382675.080683502;5501551.05331059;558486;Útušice;3210;Přeštice;653;327;326;100;44;56;437;224;213;116;59;57
363227.619046378;5502347.79418718;558494;Ves Touškov;3212;Stod;357;187;170;46;26;20;250;133;117;61;28;33
400866.556809814;5485084.70004477;558559;Vrčeň;3207;Nepomuk;331;166;165;60;30;30;219;113;106;52;23;29
373720.933312448;5499971.63697209;558567;Vstiš;3212;Stod;486;261;225;66;36;30;339;186;153;81;39;42
393034.436541425;5495731.57312395;558583;Zdemyslice;3201;Blovice;590;299;291;95;48;47;393;199;194;102;52;50
368337.858870572;5493768.96806069;558591;Zemětice;3212;Stod;268;145;123;29;14;15;173;103;70;66;28;38
397152.998728897;5489727.87120353;558605;Ždírec;3201;Blovice;462;235;227;63;35;28;309;162;147;90;38;52
390306.199578541;5483295.71149077;558630;Žinkovy;3207;Nepomuk;887;435;452;116;61;55;515;259;256;256;115;141
361508.816957755;5539328.58392102;558656;Bezvěrov;3206;Kralovice;672;347;325;101;58;43;441;226;215;130;63;67
367384.067331665;5508785.20568182;558672;Blatnice;3208;Nýřany;830;409;421;144;62;82;545;280;265;141;67;74
377809.393055673;5526974.91037188;558699;Bučí;3208;Nýřany;177;89;88;29;16;13;118;63;55;30;10;20
374245.632124575;5518153.50792349;558711;Čeminy;3208;Nýřany;251;125;126;38;17;21;170;93;77;43;15;28
387308.399555035;5520949.14070215;558745;Česká Bříza;3208;Nýřany;569;280;289;101;62;39;358;169;189;110;49;61
391639.548153823;5527270.42704488;558770;Dobříč;3206;Kralovice;415;208;207;54;24;30;269;142;127;92;42;50
389961.381738149;5518850.48352991;558788;Dolany;3208;Nýřany;290;147;143;50;37;13;175;86;89;65;24;41
376242.1441047;5528875.19021352;558796;Dolní Bělá;3206;Kralovice;420;215;205;50;24;26;279;153;126;91;38;53
391683.598188808;5530296.18377297;558800;Dolní Hradiště;3206;Kralovice;50;32;18;4;3;1;37;24;13;9;5;4
387984.948267314;5516667.46587145;558834;Druztová;3208;Nýřany;746;358;388;145;70;75;477;235;242;124;53;71
392379.046929305;5514431.30189178;558851;Dýšina;3209;Plzeň;1825;901;924;308;149;159;1196;614;582;321;138;183
361844.897635206;5508580.03819197;558869;Heřmanova Huť;3208;Nýřany;1746;880;866;253;127;126;1155;606;549;338;147;191
373829.334575257;5528456.82647275;558877;Horní Bělá;3206;Kralovice;552;298;254;67;44;23;368;206;162;117;48;69
382451.735816093;5523353.88479516;558885;Horní Bříza;3208;Nýřany;4262;2109;2153;625;334;291;2910;1487;1423;727;288;439
388975.575136937;5523169.49264042;558915;Hromnice;3208;Nýřany;1198;608;590;162;76;86;819;432;387;217;100;117
375655.485742616;5534358.21654688;558931;Hvozd;3206;Kralovice;252;125;127;39;20;19;172;86;86;41;19;22
379558.947151945;5516938.39503816;558940;Chotíkov;3208;Nýřany;1138;563;575;188;101;87;794;389;405;156;73;83
390649.768158209;5516516.84355473;558966;Chrást;3209;Plzeň;1869;939;930;279;149;130;1202;611;591;388;179;209
404042.764595521;5536995.55715154;558974;Chříč;3206;Kralovice;204;113;91;22;9;13;143;87;56;39;17;22
389486.534269873;5525487.7913137;558982;Jarov;3206;Kralovice;136;66;70;18;7;11;82;43;39;36;16;20
392860.913136629;5525746.66748391;558991;Kaceřov;3208;Nýřany;140;71;69;25;16;9;103;49;54;12;6;6
382777.397211942;5527592.67708133;559008;Kaznějov;3206;Kralovice;3090;1517;1573;475;250;225;2046;1005;1041;569;262;307
473430.899812527;5477747.02420241;559016;Nasavrky;3112;Tábor;94;51;43;18;9;9;64;34;30;12;8;4
390102.396894561;5533208.54964664;559024;Kopidlo;3206;Kralovice;138;74;64;26;16;10;74;40;34;38;18;20
390172.229110549;5528697.80674504;559032;Koryta;3206;Kralovice;132;66;66;20;9;11;87;46;41;25;11;14
393733.165106629;5531442.56587457;559041;Kozojedy;3206;Kralovice;589;298;291;63;31;32;406;214;192;120;53;67
373827.051223864;5512901.26874952;559059;Kozolupy;3208;Nýřany;1021;505;516;148;68;80;682;360;322;191;77;114
395252.078507236;5537586.5295251;559067;Kožlany;3206;Kralovice;1405;702;703;199;98;101;951;492;459;255;112;143
389269.308842716;5538592.24104778;559075;Kralovice;3206;Kralovice;3503;1725;1778;519;253;266;2372;1207;1165;612;265;347
378956.106191186;5525786.72758295;559083;Krašovice;3208;Nýřany;372;193;179;46;21;25;242;128;114;84;44;40
361949.293013883;5533362.87573985;559091;Krsy;3208;Nýřany;228;120;108;30;12;18;166;94;72;32;14;18
360896.014234798;5525392.67618451;559105;Křelovice;3208;Nýřany;223;116;107;28;15;13;157;87;70;38;14;24
372869.223576638;5524611.83134018;559121;Kunějovice;3208;Nýřany;168;82;86;28;12;16;127;62;65;13;8;5
391061.520812615;5512051.36154752;559130;Kyšice;3209;Plzeň;948;469;479;174;84;90;635;325;310;139;60;79
379733.653837394;5519918.07965482;559148;Ledce;3208;Nýřany;798;393;405;119;68;51;540;263;277;139;62;77
375265.93718598;5506594.48856071;559164;Líně;3208;Nýřany;2587;1279;1308;438;212;226;1730;882;848;419;185;234
369112.200574989;5519832.64561494;559172;Líšťany;3208;Nýřany;730;361;369;138;68;70;482;231;251;110;62;48
373496.284521011;5539389.200786;559202;Manětín;3206;Kralovice;1141;579;562;148;66;82;766;402;364;227;111;116
374699.196712872;5516361.02738627;559211;Město Touškov;3208;Nýřany;2114;1038;1076;379;192;187;1380;683;697;355;163;192
381601.274347621;5539109.856933;559237;Mladotice;3206;Kralovice;555;277;278;101;48;53;352;185;167;102;44;58
378945.49917537;5528436.16438104;559245;Mrtník;3206;Kralovice;345;163;182;45;19;26;250;122;128;50;22;28
392728.381123775;5519869.6487192;559253;Nadryby;3208;Nýřany;124;62;62;24;10;14;86;47;39;14;5;9
367409.187667992;5535859.95195068;559261;Nečtiny;3206;Kralovice;623;317;306;80;33;47;403;218;185;140;66;74
374709.31204696;5524611.46991738;559270;Nekmíř;3208;Nýřany;487;248;239;75;34;41;322;168;154;90;46;44
375912.022767171;5520576.84183844;559288;Nevřeň;3208;Nýřany;284;152;132;41;26;15;197;103;94;46;23;23
369856.872539194;5509739.88148388;559300;Nýřany;3208;Nýřany;7080;3458;3622;1138;580;558;4698;2362;2336;1244;516;728
386824.923121157;5528189.40285338;559318;Obora;3206;Kralovice;528;266;262;87;43;44;339;174;165;102;49;53
360170.738451109;5529069.6725741;559326;Ostrov u Bezdružic;3208;Nýřany;208;103;105;37;18;19;133;66;67;38;19;19
363515.576547052;5523539.28273335;559334;Pernarec;3208;Nýřany;768;392;376;98;53;45;564;295;269;106;44;62
384295.812315475;5532277.49905466;559351;Plasy;3206;Kralovice;2628;1310;1318;369;195;174;1748;893;855;511;222;289
369449.047224969;5514723.736587;559369;Plešnice;3208;Nýřany;288;136;152;61;31;30;201;92;109;26;13;13
363595.209669821;5515804.72171407;559377;Pňovany;3208;Nýřany;423;219;204;52;30;22;271;146;125;100;43;57
364819.271993899;5506830.0843762;559393;Přehýšov;3208;Nýřany;461;239;222;48;31;17;330;173;157;83;35;48
366429.137049705;5510360.85257047;559423;Rochlov;3208;Nýřany;268;134;134;43;21;22;184;92;92;41;21;20
382898.19809153;5529679.19971506;559431;Rybnice;3206;Kralovice;528;258;270;96;41;55;350;180;170;82;37;45
379830.924852952;5549478.22943591;559482;Tis u Blatna;3206;Kralovice;106;53;53;17;6;11;72;36;36;17;11;6
373212.354060694;5509686.74649815;559491;Tlučná;3208;Nýřany;3233;1607;1626;588;308;280;2138;1083;1055;507;216;291
380243.466958275;5524527.27983951;559504;Trnová;3208;Nýřany;878;441;437;133;71;62;591;306;285;154;64;90
383888.542312143;5519985.20805671;559521;Třemošná;3208;Nýřany;4956;2502;2454;747;421;326;3251;1643;1608;958;438;520
366841.319933227;5514278.51237423;559555;Úlice;3208;Nýřany;489;250;239;60;31;29;344;180;164;85;39;46
366221.615043762;5528711.00024292;559563;Úněšov;3208;Nýřany;559;295;264;67;43;24;383;198;185;109;54;55
356240.430502141;5534635.54722202;559571;Úterý;3208;Nýřany;470;228;242;80;36;44;314;158;156;76;34;42
375846.901683222;5509677.93403516;559580;Vejprnice;3208;Nýřany;4133;2033;2100;896;468;428;2704;1330;1374;533;235;298
375589.070996499;5512627.55506453;559601;Vochov;3208;Nýřany;812;400;412;145;72;73;548;275;273;119;53;66
370453.856854089;5523163.13347534;559628;Všeruby;3208;Nýřany;1364;686;678;262;130;132;931;483;448;171;73;98
372558.700183958;5504543.18923727;559661;Zbůch;3208;Nýřany;2247;1140;1107;394;191;203;1456;770;686;397;179;218
386784.556387746;5517898.03544516;559679;Zruč-Senec;3208;Nýřany;3176;1556;1620;521;274;247;2106;1024;1082;549;258;291
381487.151220563;5544874.27625249;559695;Žihle;3206;Kralovice;1363;689;674;190;106;84;919;473;446;254;110;144
378759.060877413;5522198.79844972;559709;Žilov;3208;Nýřany;419;213;206;62;33;29;290;150;140;67;30;37
397625.431720531;5509949.82523884;559717;Rokycany;3211;Rokycany;13969;6841;7128;2063;1095;968;9316;4669;4647;2590;1077;1513
396201.409677292;5521215.70932272;559725;Břasy;3211;Rokycany;2247;1112;1135;337;175;162;1440;736;704;470;201;269
399865.034871486;5518511.25093924;559733;Březina;3211;Rokycany;344;182;162;46;30;16;228;119;109;70;33;37
397839.914625649;5530041.3165227;559741;Bujesily;3211;Rokycany;62;34;28;6;6;0;37;21;16;19;7;12
395089.542684102;5517036.13130861;559750;Bušovice;3211;Rokycany;592;308;284;95;45;50;394;215;179;103;48;55
410879.795398857;5519274.4761691;559768;Cekov;3211;Rokycany;125;67;58;12;5;7;90;53;37;23;9;14
406037.224282823;5508162.24753966;559776;Dobřív;3211;Rokycany;1279;662;617;196;112;84;850;445;405;233;105;128
393376.064111264;5511307.23707847;559792;Ejpovice;3211;Rokycany;665;342;323;125;75;50;422;215;207;118;52;66
401993.59731536;5527384.68028794;559806;Hlohovice;3211;Rokycany;316;154;162;32;17;15;220;109;111;64;28;36
405866.533738629;5514785.71176704;559814;Holoubkov;3211;Rokycany;1439;687;752;195;87;108;963;477;486;281;123;158
402510.229187793;5508044.72436083;559822;Hrádek;3211;Rokycany;2839;1441;1398;403;209;194;1853;972;881;583;260;323
405463.547200272;5510826.25146482;559849;Hůrky;3211;Rokycany;229;113;116;27;12;15;145;73;72;57;28;29
412170.025234461;5514954.95596273;559857;Cheznovice;3211;Rokycany;743;374;369;121;67;54;481;249;232;141;58;83
412401.627407906;5520157.43266921;559903;Kařez;3211;Rokycany;647;339;308;107;57;50;437;238;199;103;44;59
394773.182073432;5512499.08484596;559911;Klabava;3211;Rokycany;469;228;241;68;30;38;295;151;144;106;47;59
400792.351739606;5530854.72777772;559920;Kladruby;3211;Rokycany;164;87;77;15;5;10;115;63;52;34;19;15
397953.349363154;5527549.61960988;559946;Lhotka u Radnic;3211;Rokycany;62;30;32;6;3;3;43;21;22;13;6;7
396011.041752381;5529049.27452386;559954;Liblín;3211;Rokycany;273;141;132;18;9;9;140;80;60;115;52;63
414028.541891857;5527824.56568293;559962;Líšná;3211;Rokycany;187;97;90;41;24;17;114;61;53;32;12;20
403062.094718381;5504971.18681461;559997;Mirošov;3211;Rokycany;2210;1092;1118;290;158;132;1387;728;659;533;206;327
405685.672012177;5530427.90093303;560006;Mlečice;3211;Rokycany;319;154;165;49;22;27;213;110;103;57;22;35
409851.911764098;5514928.96524918;560014;Mýto;3211;Rokycany;1518;766;752;218;114;104;1011;521;490;289;131;158
399179.534293361;5515854.48498506;560057;Osek;3211;Rokycany;1326;678;648;226;122;104;895;458;437;205;98;107
407907.716688694;5533171.94755712;560081;Podmokly;3211;Rokycany;250;130;120;36;17;19;158;85;73;56;28;28
402464.861416015;5520352.18140342;560111;Přívětice;3211;Rokycany;207;110;97;22;9;13;125;74;51;60;27;33
399546.42387439;5524105.06792869;560120;Radnice;3211;Rokycany;1767;884;883;231;117;114;1197;624;573;339;143;196
405855.251014955;5525102.2864891;560146;Sebečice;3211;Rokycany;67;43;24;6;3;3;38;25;13;23;15;8
411170.016540867;5506460.55594475;560162;Strašice;3211;Rokycany;2477;1258;1219;361;190;171;1723;902;821;393;166;227
431956.46413711;5444149.6492886;560171;Budyně;3117;Vodňany;39;24;15;10;6;4;26;15;11;3;3;0
414144.233789682;5509065.19132167;560189;Těně;3211;Rokycany;272;131;141;33;16;17;186;90;96;53;25;28
419447.071341697;5468219.10894328;560197;Lažany;3101;Blatná;58;31;27;5;3;2;46;24;22;7;4;3
406644.474452745;5448685.69926133;560201;Nová Ves;3111;Strakonice;100;51;49;9;5;4;65;36;29;26;10;16
415378.067283102;5454752.27267444;560219;Drachkov;3111;Strakonice;183;95;88;30;18;12;137;72;65;16;5;11
403766.615281957;5524129.79548039;560227;Vejvanov;3211;Rokycany;231;107;124;38;19;19;143;68;75;50;20;30
399364.949073961;5505977.34699097;560235;Veselá;3211;Rokycany;281;155;126;53;35;18;187;104;83;41;16;25
419886.904066772;5460387.59764557;560243;Droužetice;3111;Strakonice;113;61;52;13;7;6;85;46;39;15;8;7
401420.813855071;5514368.82018894;560251;Volduchy;3211;Rokycany;1155;573;582;199;110;89;749;375;374;207;88;119
410829.65306924;5524982.96682459;560260;Zbiroh;3211;Rokycany;2491;1216;1275;357;177;180;1698;854;844;436;185;251
419256.478198546;5454832.29707415;560278;Mutěnice;3111;Strakonice;234;119;115;36;20;16;148;77;71;50;22;28
334240.133408197;5559591.53546853;560286;Sokolov;4107;Sokolov;23678;11565;12113;3578;1845;1733;15849;7947;7902;4251;1773;2478
330094.86530654;5553274.79152736;560294;Březová;4107;Sokolov;2727;1338;1389;414;228;186;1776;907;869;537;203;334
322524.910013244;5583146.00097816;560308;Bublava;4104;Kraslice;392;223;169;42;22;20;285;172;113;65;29;36
327265.947352954;5559187.46329144;560316;Bukovany;4107;Sokolov;1521;773;748;223;118;105;1033;540;493;265;115;150
328581.052885499;5558984.28652194;560324;Citice;4107;Sokolov;900;455;445;151;77;74;600;313;287;149;65;84
326288.423357805;5557645.74789575;560332;Dasnice;4107;Sokolov;297;163;134;46;28;18;203;115;88;48;20;28
330701.991431135;5568351.1918381;560341;Dolní Nivy;4107;Sokolov;314;167;147;45;25;20;232;129;103;37;13;24
324761.918243443;5561029.67015526;560359;Habartov;4107;Sokolov;4889;2450;2439;688;364;324;3292;1702;1590;909;384;525
342456.892870852;5556992.57647944;560367;Horní Slavkov;4107;Sokolov;5520;2801;2719;850;449;401;3745;1971;1774;925;381;544
324338.699905443;5558116.62923167;560375;Chlum Svaté Maří;4107;Sokolov;304;143;161;41;17;24;216;105;111;47;21;26
338677.830946284;5568889.54625827;560383;Chodov;4107;Sokolov;13816;6797;7019;2086;1068;1018;9350;4724;4626;2380;1005;1375
424738.225248533;5449897.64803678;560391;Kuřimany;3111;Strakonice;28;16;12;4;3;1;19;10;9;5;3;2
409430.502947893;5458716.67157547;560405;Kladruby;3111;Strakonice;144;76;68;27;13;14;90;49;41;27;14;13
330587.933045039;5572657.84007485;560413;Jindřichovice;4104;Kraslice;476;269;207;59;31;28;311;176;135;106;62;44
321594.119519139;5557856.69096684;560421;Kaceřov;4107;Sokolov;456;240;216;75;35;40;309;166;143;72;39;33
475224.490994063;5467168.9556569;560430;Zhoř u Tábora;3112;Tábor;174;82;92;29;9;20;115;58;57;30;15;15
488651.926234622;5488396.66119636;560448;Běleč;3112;Tábor;186;91;95;31;11;20;122;62;60;33;18;15
323156.807274575;5566467.66519253;560456;Krajková;4107;Sokolov;906;471;435;133;76;57;615;321;294;158;74;84
334573.655152334;5563937.80985057;560464;Královské Poříčí;4107;Sokolov;811;418;393;142;75;67;551;290;261;118;53;65
320022.451578947;5575941.93006598;560472;Kraslice;4104;Kraslice;6885;3466;3419;1049;539;510;4525;2354;2171;1311;573;738
481790.009637499;5482934.9164575;560481;Hlasivo;3112;Tábor;160;76;84;15;6;9;102;52;50;43;18;25
323923.306842871;5554339.61107252;560499;Kynšperk nad Ohří;4107;Sokolov;4844;2351;2493;649;339;310;3232;1606;1626;963;406;557
325427.138400271;5554991.80629433;560502;Libavské Údolí;4107;Sokolov;590;291;299;85;46;39;405;203;202;100;42;58
483745.867163784;5485219.68691221;560511;Řemíčov;3112;Tábor;73;41;32;7;4;3;49;27;22;17;10;7
485918.941036273;5481746.23683474;560529;Dolní Hrachovice;3112;Tábor;129;74;55;12;8;4;87;51;36;30;15;15
340973.843547704;5560731.74486221;560537;Loket;4107;Sokolov;3082;1537;1545;501;271;230;2189;1091;1098;392;175;217
330786.901528326;5565256.03456159;560545;Lomnice;4107;Sokolov;1287;665;622;220;126;94;902;469;433;165;70;95
485695.821766946;5479947.38738323;560553;Pohnánec;3112;Tábor;53;28;25;7;4;3;32;17;15;14;7;7
341369.057896239;5548802.20591536;560561;Nová Ves;4107;Sokolov;209;109;100;33;14;19;146;83;63;30;12;18
338224.486062592;5564367.10442083;560570;Nové Sedlo;4107;Sokolov;2565;1319;1246;405;202;203;1787;933;854;373;184;189
324975.754997369;5570554.61428929;560588;Oloví;4104;Kraslice;1774;898;876;299;162;137;1182;620;562;293;116;177
331206.431386876;5584021.66486604;560596;Přebuz;4104;Kraslice;71;36;35;2;1;1;42;22;20;27;13;14
325786.673322414;5575036.21353713;560600;Rotava;4104;Kraslice;3065;1529;1536;476;237;239;2093;1093;1000;496;199;297
334991.595482462;5552118.41973585;560618;Rovná;4107;Sokolov;353;190;163;61;29;32;259;145;114;33;16;17
488836.580250809;5481712.59859757;560626;Rodná;3112;Tábor;85;45;40;6;2;4;58;32;26;21;11;10
485067.014200849;5463122.87028721;560634;Krátošice;3112;Tábor;97;51;46;9;2;7;67;40;27;21;9;12
336868.015404977;5560878.45860747;560642;Staré Sedlo;4107;Sokolov;838;432;406;116;58;58;590;311;279;132;63;69
326001.747815889;5582131.13479022;560651;Stříbrná;4104;Kraslice;451;243;208;58;31;27;305;172;133;88;40;48
470468.906586116;5463711.74590335;560669;Skrýchov u Malšic;3112;Tábor;135;73;62;20;11;9;86;45;41;29;17;12
330183.597164506;5578491.20226952;560677;Šindelová;4104;Kraslice;294;159;135;27;14;13;203;117;86;64;28;36
335149.680984884;5567442.66462876;560685;Vintířov;4107;Sokolov;1135;580;555;215;104;111;785;415;370;135;61;74
335745.564953143;5569773.01753999;560707;Vřesová;4107;Sokolov;386;204;182;74;31;43;285;160;125;27;13;14
330121.483655294;5518804.92234529;560715;Tachov;3215;Tachov;12609;6169;6440;1689;820;869;8727;4421;4306;2193;928;1265
348383.986127787;5510515.68144905;560723;Benešovice;3213;Stříbro;200;92;108;32;11;21;132;66;66;36;15;21
352497.642784025;5530991.33501264;560740;Bezdružice;3213;Stříbro;910;459;451;129;64;65;620;321;299;161;74;87
341220.516747992;5510843.00708402;560758;Bor;3215;Tachov;4123;2051;2072;664;337;327;2870;1469;1401;589;245;344
355584.735204969;5522338.57038579;560782;Cebiv;3213;Stříbro;277;135;142;40;19;21;205;105;100;32;11;21
331147.80233116;5514533.96939663;560804;Částkov;3215;Tachov;359;193;166;62;32;30;241;131;110;56;30;26
348015.471748284;5519261.86280905;560812;Černošín;3213;Stříbro;1160;592;568;169;92;77;788;409;379;203;91;112
327661.33052382;5514855.09161654;560839;Dlouhý Újezd;3215;Tachov;384;201;183;63;29;34;273;152;121;48;20;28
360072.713955903;5517989.99082215;560855;Erpužice;3213;Stříbro;343;182;161;53;31;22;228;121;107;62;30;32
322665.500529104;5522872.85222797;560863;Halže;3215;Tachov;960;486;474;155;76;79;692;356;336;113;54;59
325776.846453319;5509573.83761921;560898;Hošťka;3215;Tachov;431;235;196;84;38;46;297;173;124;50;24;26
340076.697498243;5530866.14158216;560901;Chodová Planá;3215;Tachov;1869;960;909;319;166;153;1285;666;619;265;128;137
329281.46223747;5526098.73149201;560910;Chodský Újezd;3215;Tachov;770;389;381;126;52;74;530;279;251;114;58;56
352355.505234004;5507685.52492454;560928;Kladruby;3213;Stříbro;1599;817;782;277;140;137;1086;569;517;236;108;128
356325.262594604;5526516.43155041;560952;Konstantinovy Lázně;3213;Stříbro;904;429;475;101;46;55;582;298;284;221;85;136
356084.375604767;5519199.59404126;560979;Kšice;3213;Stříbro;207;109;98;34;16;18;139;78;61;34;15;19
495460.489483228;5460415.97305578;560987;Drunče;3105;Jindřichův Hradec;48;23;25;4;1;3;30;17;13;14;5;9
497351.172013794;5458689.30075595;560995;Rosička;3105;Jindřichův Hradec;56;30;26;4;2;2;31;18;13;21;10;11
319200.955408735;5513158.22766682;561002;Lesná;3215;Tachov;468;237;231;70;31;39;342;186;156;56;20;36
346791.94748503;5527933.19164266;561011;Lestkov;3215;Tachov;397;204;193;62;29;33;277;155;122;58;20;38
496535.234735645;5457202.30632278;561029;Světce;3105;Jindřichův Hradec;137;64;73;16;2;14;95;50;45;26;12;14
492217.959336718;5456639.77012955;561037;Vícemil;3105;Jindřichův Hradec;77;45;32;10;7;3;50;29;21;17;9;8
475735.054680197;5436066.88077213;561045;Smržov;3114;Třeboň;114;55;59;15;9;6;81;40;41;18;6;12
510432.56582682;5450425.72823804;561053;Bednáreček;3105;Jindřichův Hradec;182;87;95;29;14;15;116;56;60;37;17;20
501522.690790787;5446995.16453583;561061;Horní Skrýchov;3105;Jindřichův Hradec;169;88;81;33;14;19;125;69;56;11;5;6
491366.951006639;5433325.02922206;561070;Pístina;3105;Jindřichův Hradec;181;69;112;17;10;7;135;47;88;29;12;17
495546.055395161;5432089.42778537;561088;Příbraz;3105;Jindřichův Hradec;252;136;116;37;20;17;157;91;66;58;25;33
494663.057932798;5464525.96687657;561096;Hojovice;6110;Pelhřimov;73;42;31;4;4;0;36;21;15;33;17;16
502467.757973195;5470094.50376795;561100;Lidmaň;6110;Pelhřimov;279;183;96;18;4;14;217;160;57;44;19;25
512249.408247398;5480594.84228476;561118;Bácovice;6110;Pelhřimov;84;44;40;20;9;11;53;29;24;11;6;5
518889.403393747;5462205.94905493;561126;Bělá;6110;Pelhřimov;56;30;26;7;2;5;39;24;15;10;4;6
340406.585429134;5523836.16651157;561134;Planá;3215;Tachov;5410;2676;2734;790;419;371;3691;1846;1845;929;411;518
522883.176265914;5465697.2320296;561142;Černov;6110;Pelhřimov;107;45;62;14;4;10;69;34;35;24;7;17
332648.322130449;5504500.25857755;561151;Přimda;3215;Tachov;1564;813;751;330;171;159;1037;551;486;197;91;106
324048.096416364;5503888.51085859;561169;Rozvadov;3215;Tachov;712;363;349;113;60;53;513;268;245;86;35;51
521398.378757863;5465863.05716967;561177;Nová Buková;6110;Pelhřimov;100;52;48;13;6;7;69;38;31;18;8;10
332061.906599393;5510849.38798469;561185;Staré Sedliště;3215;Tachov;1265;648;617;270;140;130;851;444;407;144;64;80
345907.2579359;5501502.36407883;561193;Staré Sedlo;3215;Tachov;260;130;130;44;14;30;167;93;74;49;23;26
340069.792216354;5502402.36657845;561207;Stráž;3215;Tachov;1128;576;552;178;88;90;778;413;365;172;75;97
354952.709022892;5513176.32345968;561215;Stříbro;3213;Stříbro;7684;3799;3885;1050;551;499;5276;2675;2601;1358;573;785
326551.082230382;5516501.71556479;561223;Studánka;3215;Tachov;479;252;227;83;46;37;323;176;147;73;30;43
361408.225357695;5512921.47386038;561231;Sulislav;3213;Stříbro;205;110;95;31;13;18;136;79;57;38;18;20
507355.16408188;5481813.37356626;561240;Bořetice;6110;Pelhřimov;65;35;30;6;4;2;44;25;19;15;6;9
348709.505032531;5514681.62222783;561258;Svojšín;3213;Stříbro;445;208;237;76;30;46;312;152;160;57;26;31
506541.078755222;5477126.42407089;561266;Litohošť;6110;Pelhřimov;62;33;29;8;3;5;46;27;19;8;3;5
509453.327404189;5484416.86574937;561274;Rovná;6110;Pelhřimov;57;28;29;10;6;4;29;17;12;18;5;13
509264.381100295;5460791.66946242;561282;Lhota-Vlasenice;6110;Pelhřimov;84;45;39;8;3;5;61;36;25;15;6;9
359823.058408832;5520752.4381861;561291;Trpísty;3213;Stříbro;236;133;103;29;15;14;154;92;62;53;26;27
330245.18322439;5499009.06256728;561304;Třemešné;3215;Tachov;377;198;179;51;33;18;255;132;123;71;33;38
505027.816574341;5487626.98771271;561312;Buřenice;6109;Pacov;197;102;95;22;13;9;118;62;56;57;27;30
507236.927195141;5493263.03042575;561321;Chyšná;6110;Pelhřimov;112;55;57;26;17;9;71;35;36;15;3;12
505842.491131689;5492523.08733013;561339;Chýstovice;6110;Pelhřimov;32;18;14;1;1;0;18;11;7;13;6;7
508319.843780394;5493019.41173401;561347;Martinice u Onšova;6110;Pelhřimov;58;24;34;9;2;7;39;19;20;10;3;7
495102.688395772;5484571.29508123;561355;Těchobuz;6109;Pacov;111;68;43;13;7;6;73;50;23;25;11;14
498088.6324087;5481922.42468527;561363;Zhořec;6109;Pacov;114;66;48;8;6;2;77;49;28;29;11;18
516473.969070008;5479044.19769134;561371;Krasíkovice;6110;Pelhřimov;114;62;52;18;12;6;80;41;39;16;9;7
468995.586627177;5614523.35700759;561380;Česká Lípa;5101;Česká Lípa;37158;17927;19231;5943;3001;2942;25527;12585;12942;5688;2341;3347
480256.172001439;5599123.9016702;561398;Bezděz;5101;Česká Lípa;322;163;159;36;21;15;214;112;102;72;30;42
471995.810472572;5593923.09770696;561401;Blatce;5101;Česká Lípa;106;56;50;17;6;11;58;33;25;31;17;14
459017.696431409;5605853.11849729;561410;Blíževedly;5101;Česká Lípa;651;323;328;131;57;74;430;222;208;90;44;46
477184.174978427;5612732.26620486;561428;Bohatice;5101;Česká Lípa;212;101;111;42;16;26;146;74;72;24;11;13
517903.547761914;5460175.61849847;561436;Polesí;6110;Pelhřimov;96;48;48;18;10;8;62;33;29;16;5;11
479840.806991372;5618336.96886347;561444;Brniště;5101;Česká Lípa;1330;680;650;217;106;111;888;478;410;225;96;129
515750.997627606;5453559.03203661;561452;Stojčín;6110;Pelhřimov;129;64;65;22;11;11;77;39;38;30;14;16
528118.070915334;5473676.61766985;561461;Jankov;6110;Pelhřimov;34;19;15;4;2;2;27;17;10;3;0;3
474496.659835275;5624641.0157437;561479;Cvikov;5106;Nový Bor;4427;2213;2214;661;346;315;2990;1553;1437;776;314;462
523065.268335084;5474984.12582175;561487;Střítež pod Křemešníkem;6110;Pelhřimov;62;33;29;10;6;4;41;22;19;11;5;6
476271.536675082;5601039.69296019;561495;Doksy;5101;Česká Lípa;5190;2514;2676;762;384;378;3345;1683;1662;1083;447;636
437991.067890276;5482429.4387569;561509;Probulov;3108;Písek;65;35;30;6;2;4;33;19;14;26;14;12
453489.479111596;5481083.43582608;561517;Přeborov;3107;Milevsko;139;74;65;17;11;6;97;53;44;25;10;15
431931.609994049;5485476.13628013;561525;Horosedly;3108;Písek;132;67;65;19;12;7;95;47;48;18;8;10
466418.39167408;5599089.31893982;561533;Dubá;5101;Česká Lípa;1739;871;868;272;140;132;1131;585;546;336;146;190
486660.383217923;5620174.90192399;561541;Dubnice;5101;Česká Lípa;657;340;317;112;62;50;443;222;221;102;56;46
438659.059731031;5485728.40470063;561550;Kožlí;3108;Písek;56;25;31;8;2;6;36;17;19;12;6;6
400101.284301951;5432553.04107348;561568;Nové Hutě;3116;Vimperk;87;48;39;10;7;3;59;34;25;18;7;11
427691.03289002;5435830.64869672;561576;Budkov;3109;Prachatice;92;49;43;14;7;7;52;29;23;26;13;13
463418.836582455;5607884.23355572;561584;Holany;5101;Česká Lípa;515;276;239;94;53;41;356;193;163;65;30;35
464147.508991702;5618147.12478343;561592;Horní Libchava;5101;Česká Lípa;737;390;347;139;74;65;530;281;249;68;35;33
458148.283392279;5617049.12282342;561606;Horní Police;5101;Česká Lípa;689;345;344;116;62;54;458;230;228;115;53;62
468669.674172832;5602705.1795315;561614;Chlum;5101;Česká Lípa;245;133;112;35;19;16;166;93;73;44;21;23
468568.011697148;5621202.21151105;561622;Chotovice;5106;Nový Bor;168;81;87;31;11;20;112;61;51;25;9;16
482966.695916092;5625666.62344368;561631;Jablonné v Podještědí;5105;Liberec;3656;1828;1828;582;306;276;2465;1272;1193;609;250;359
416242.957217169;5441059.03628464;561649;Lčovice;3116;Vimperk;143;71;72;23;7;16;90;49;41;30;15;15
488063.918217798;5623690.93071983;561657;Janovice v Podještědí;5105;Liberec;95;50;45;10;7;3;64;32;32;21;11;10
468697.694661554;5605915.28440213;561665;Jestřebí;5101;Česká Lípa;842;412;430;153;83;70;560;277;283;129;52;77
428734.781126395;5418047.4499619;561673;Křišťanov;3109;Prachatice;97;59;38;8;3;5;73;48;25;16;8;8
462999.577044065;5624719.98517375;561681;Kamenický Šenov;5106;Nový Bor;4010;2002;2008;638;307;331;2640;1362;1278;732;333;399
431099.610938739;5440098.57288047;561690;Hájek;3117;Vodňany;35;21;14;6;5;1;25;15;10;4;1;3
509769.398225138;5438527.27369041;561703;Člunek;3105;Jindřichův Hradec;482;256;226;68;39;29;331;182;149;83;35;48
508107.030027167;5444812.89561811;561711;Blažejov;3105;Jindřichův Hradec;439;244;195;74;36;38;301;172;129;64;36;28
456898.6473729;5609920.78017622;561720;Kravaře;5101;Česká Lípa;794;407;387;121;66;55;540;282;258;133;59;74
478618.021796268;5630648.73822615;561738;Krompach;5106;Nový Bor;149;76;73;19;8;11;87;47;40;43;21;22
477889.685468121;5624229.8763796;561746;Kunratice u Cvikova;5106;Nový Bor;612;311;301;93;46;47;408;217;191;111;48;63
500180.55134758;5476346.03468798;561754;Eš;6109;Pacov;63;33;30;10;6;4;37;20;17;16;7;9
501906.612999148;5472540.92777649;561762;Dobrá Voda u Pacova;6109;Pacov;95;49;46;16;9;7;59;31;28;20;9;11
503081.651303948;5473857.93036014;561771;Vysoká Lhota;6109;Pacov;15;8;7;0;0;0;7;4;3;8;4;4
507737.753385146;5458740.13963488;561789;Rodinov;6110;Pelhřimov;221;119;102;37;19;18;137;78;59;47;22;25
525015.618733131;5485377.71581867;561797;Vystrkov;6103;Humpolec;275;138;137;46;22;24;183;95;88;46;21;25
526889.920054009;5483829.60147836;561801;Bystrá;6103;Humpolec;113;54;59;20;11;9;70;36;34;23;7;16
527030.316757129;5480355.87838219;561819;Mysletín;6103;Humpolec;125;61;64;25;15;10;74;35;39;26;11;15
475647.071163374;5630290.52875715;561827;Mařenice;5106;Nový Bor;335;152;183;44;18;26;196;94;102;95;40;55
481142.423722937;5611389.07688709;561835;Mimoň;5101;Česká Lípa;6501;3190;3311;1004;494;510;4296;2197;2099;1201;499;702
526516.094626236;5482117.38333909;561843;Staré Bříště;6103;Humpolec;59;28;31;13;5;8;37;18;19;9;5;4
482833.146215988;5615328.60547551;561851;Noviny pod Ralskem;5101;Česká Lípa;292;144;148;49;25;24;192;98;94;51;21;30
468947.977586095;5622122.16043788;561860;Nový Bor;5106;Nový Bor;11844;5727;6117;1695;882;813;7691;3812;3879;2458;1033;1425
460596.439934846;5623554.05470824;561878;Nový Oldřichov;5101;Česká Lípa;799;413;386;135;69;66;550;293;257;114;51;63
475780.826137526;5597393.85789823;561886;Okna;5101;Česká Lípa;309;158;151;48;28;20;216;113;103;45;17;28
466111.915067038;5624364.18680179;561894;Okrouhlá;5106;Nový Bor;559;287;272;84;44;40;385;200;185;90;43;47
523302.050311745;5479327.65629165;561908;Žirov;6110;Pelhřimov;76;39;37;17;7;10;44;24;20;15;8;7
518079.274501368;5471844.9433052;561916;Pavlov;6110;Pelhřimov;122;61;61;19;12;7;79;36;43;24;13;11
519909.820690683;5481976.65039208;561924;Dehtáře;6110;Pelhřimov;117;56;61;27;10;17;74;42;32;16;4;12
519930.428587504;5466788.07928992;561932;Dobrá Voda;6110;Pelhřimov;197;104;93;24;8;16;137;79;58;36;17;19
521430.14741477;5473431.27712107;561941;Proseč pod Křemešníkem;6110;Pelhřimov;83;45;38;12;3;9;58;35;23;13;7;6
467434.404189088;5626448.69147523;561959;Polevsko;5106;Nový Bor;392;197;195;68;35;33;258;134;124;66;28;38
519718.817585969;5476207.65123579;561967;Olešná;6110;Pelhřimov;582;291;291;89;47;42;413;212;201;80;32;48
518445.398543461;5469052.74158514;561975;Zajíčkov;6110;Pelhřimov;228;116;112;38;18;20;146;78;68;44;20;24
471176.597646802;5608573.93018422;561983;Provodín;5101;Česká Lípa;739;383;356;115;56;59;504;266;238;120;61;59
463820.522153828;5627403.32533201;561991;Prysk;5106;Nový Bor;442;227;215;67;31;36;285;152;133;90;44;46
516869.139039837;5470026.45218213;562009;Rynárec;6110;Pelhřimov;605;312;293;110;62;48;412;213;199;83;37;46
486124.493093257;5607131.98154774;562017;Ralsko;5101;Česká Lípa;2109;1090;1019;407;205;202;1453;770;683;249;115;134
465950.368579065;5621395.07570868;562025;Skalice u České Lípy;5106;Nový Bor;1495;793;702;227;140;87;1054;555;499;214;98;116
502228.705108916;5487343.20013157;562033;Útěchovice pod Stražištěm;6109;Pacov;109;49;60;16;10;6;68;30;38;25;9;16
504152.173751162;5484875.17112364;562041;Lesná;6109;Pacov;74;34;40;12;7;5;46;21;25;16;6;10
471305.147410595;5621098.12169526;562050;Sloup v Čechách;5106;Nový Bor;696;350;346;94;49;45;449;231;218;153;70;83
431020.820849927;5480183.48409928;562068;Rakovice;3108;Písek;214;104;110;32;16;16;133;71;62;49;17;32
466617.657886138;5611303.67489774;562076;Sosnová;5101;Česká Lípa;697;344;353;87;41;46;478;245;233;132;58;74
443116.01094742;5477858.81677769;562084;Jickovice;3107;Milevsko;122;62;60;26;12;14;79;43;36;17;7;10
485773.659451077;5615837.99816544;562092;Stráž pod Ralskem;5101;Česká Lípa;4048;1989;2059;665;341;324;2830;1414;1416;553;234;319
461291.1912086;5615372.33336677;562106;Stružnice;5101;Česká Lípa;977;501;476;152;74;78;674;355;319;151;72;79
460038.283727594;5610065.09990199;562114;Stvolínky;5101;Česká Lípa;339;176;163;66;33;33;230;124;106;43;19;24
429629.48775762;5478010.59094844;562122;Boudy;3108;Písek;185;99;86;25;16;9;127;71;56;33;12;21
470760.949943529;5628553.35701911;562131;Svor;5106;Nový Bor;653;324;329;102;54;48;441;214;227;110;56;54
427788.629208942;5481405.57216421;562149;Minice;3108;Písek;37;18;19;2;1;1;17;10;7;18;7;11
432229.525343342;5483228.81013162;562157;Nerestce;3108;Písek;99;51;48;10;7;3;64;32;32;25;12;13
442531.641199655;5475154.12088266;562165;Zvíkovské Podhradí;3108;Písek;197;107;90;34;23;11;127;69;58;36;15;21
476063.055674322;5618401.48479752;562173;Velenice;5101;Česká Lípa;181;97;84;26;10;16;117;68;49;38;19;19
451624.508502367;5469029.06511224;562181;Křenovice;3108;Písek;162;81;81;15;7;8;110;57;53;37;17;20
449001.470051261;5466458.60416186;562190;Olešná;3108;Písek;106;60;46;12;7;5;73;43;30;21;10;11
480867.94781098;5622058.56550057;562203;Velký Valtinov;5101;Česká Lípa;189;90;99;27;13;14;123;58;65;39;19;20
439322.659914053;5476484.9214804;562211;Varvažov;3108;Písek;190;97;93;14;6;8;120;62;58;56;29;27
461031.813228159;5620478.48798708;562220;Volfartice;5101;Česká Lípa;675;316;359;121;56;65;455;219;236;99;41;58
469102.970505471;5600260.59953406;562238;Vrchovany;5101;Česká Lípa;109;56;53;19;11;8;72;36;36;18;9;9
466475.444271594;5608246.86164932;562246;Zahrádky;5101;Česká Lípa;706;365;341;124;68;56;481;251;230;101;46;55
446450.765558838;5457287.36303605;562254;Paseky;3108;Písek;172;89;83;18;10;8;134;69;65;20;10;10
475207.246815727;5613337.74665123;562262;Zákupy;5101;Česká Lípa;2813;1402;1411;459;230;229;1855;967;888;499;205;294
446728.26821967;5466808.62348465;562271;Temešvár;3108;Písek;134;60;74;27;12;15;82;37;45;25;11;14
439798.250406108;5468680.42253433;562289;Vojníkov;3108;Písek;87;51;36;2;0;2;52;32;20;33;19;14
457003.845151758;5615348.56896285;562297;Žandov;5101;Česká Lípa;1926;985;941;283;148;135;1273;672;601;370;165;205
442914.712024725;5464411.05937318;562301;Dolní Novosedly;3108;Písek;219;110;109;35;18;17;152;77;75;32;15;17
540795.253952792;5438323.28386648;562319;Horní Slatina;3104;Dačice;143;75;68;20;11;9;97;51;46;26;13;13
538059.377534002;5432875.71473394;562327;Třebětice;3104;Dačice;306;149;157;67;27;40;199;106;93;40;16;24
442701.676140055;5626324.01194402;562335;Děčín;4202;Děčín;49739;24133;25606;8074;4093;3981;31858;15971;15887;9807;4069;5738
447387.966588325;5631959.69570875;562343;Arnoltice;4202;Děčín;402;206;196;73;34;39;277;151;126;52;21;31
450618.161291601;5622187.6048323;562351;Benešov nad Ploučnicí;4202;Děčín;3782;1910;1872;630;335;295;2429;1265;1164;723;310;413
494896.032757725;5406400.56179554;562360;Nová Ves nad Lužnicí;3114;Třeboň;335;179;156;51;26;25;226;127;99;58;26;32
497466.850202082;5422804.63112751;562378;Staňkov;3114;Třeboň;215;112;103;30;18;12;132;73;59;53;21;32
492335.402339383;5421616.61687251;562386;Hamr;3114;Třeboň;346;173;173;45;23;22;235;120;115;66;30;36
460053.874637856;5627985.03891152;562394;Česká Kamenice;4202;Děčín;5347;2682;2665;815;424;391;3519;1805;1714;1013;453;560
442190.126790901;5617499.85538675;562408;Dobkovice;4202;Děčín;659;345;314;109;58;51;437;230;207;113;57;56
536139.259562591;5436414.73061209;562416;Dobrohošť;3104;Dačice;47;27;20;7;4;3;35;19;16;5;4;1
536620.565094927;5422401.84417128;562424;Županovice;3104;Dačice;71;33;38;18;12;6;47;19;28;6;2;4
471934.411349564;5635704.08159987;562432;Dolní Podluží;4215;Varnsdorf;1196;615;581;183;87;96;794;421;373;219;107;112
449987.096953517;5649605.22244873;562441;Dolní Poustevna;4212;Rumburk;1811;896;915;334;154;180;1216;638;578;261;104;157
494947.140984886;5439717.57901202;562459;Polště;3105;Jindřichův Hradec;125;58;67;25;8;17;79;41;38;21;9;12
501487.908068048;5440187.191232;562467;Dolní Pěna;3105;Jindřichův Hradec;351;180;171;87;46;41;232;117;115;32;17;15
501501.683992702;5454173.51794013;562475;Okrouhlá Radouň;3105;Jindřichův Hradec;208;98;110;31;14;17;137;70;67;40;14;26
448957.381800867;5618216.75781593;562483;Heřmanov;4202;Děčín;502;272;230;81;43;38;334;187;147;87;42;45
506090.399380519;5438936.5475628;562491;Kačlehy;3105;Jindřichův Hradec;87;47;40;15;11;4;56;30;26;16;6;10
468578.495677784;5637194.27505577;562505;Horní Podluží;4215;Varnsdorf;786;398;388;121;53;68;540;287;253;125;58;67
449175.744440984;5636109.9646372;562513;Hřensko;4202;Děčín;273;150;123;37;21;16;202;106;96;34;23;11
451453.978569257;5627752.68980997;562521;Huntířov;4202;Děčín;815;430;385;147;79;68;550;294;256;118;57;61
463464.334036972;5634550.16131502;562530;Chřibská;4215;Varnsdorf;1369;699;670;225;125;100;903;468;435;241;106;135
507624.664681361;5448765.79198;562548;Bednárec;3105;Jindřichův Hradec;115;59;56;28;16;12;69;37;32;18;6;12
456532.515531749;5635318.34150305;562556;Jetřichovice;4202;Děčín;392;216;176;31;16;15;259;148;111;102;52;50
436142.963975762;5625241.48143241;562564;Jílové;4202;Děčín;5166;2566;2600;801;426;375;3489;1756;1733;876;384;492
469691.589552999;5634006.22526874;562572;Jiřetín pod Jedlovou;4215;Varnsdorf;638;327;311;117;64;53;407;217;190;114;46;68
469504.069147784;5648563.84130143;562581;Jiříkov;4212;Rumburk;3777;1903;1874;635;321;314;2460;1292;1168;682;290;392
494842.079699984;5448467.20999173;562599;Velký Ratmírov;3105;Jindřichův Hradec;225;118;107;33;20;13;153;76;77;39;22;17
498664.838509235;5437988.140045;562602;Dolní Žďár;3105;Jindřichův Hradec;157;79;78;31;15;16;106;54;52;20;10;10
463737.462994343;5640353.45143655;562611;Krásná Lípa;4212;Rumburk;3473;1725;1748;554;284;270;2166;1119;1047;753;322;431
496152.052977593;5438004.88194804;562629;Vydří;3105;Jindřichův Hradec;123;61;62;13;4;9;79;42;37;31;15;16
480280.753670949;5440170.7131507;562637;Frahelž;3114;Třeboň;159;77;82;21;8;13;100;52;48;38;17;21
466677.147455162;5630173.86822295;562645;Kytlice;4202;Děčín;498;277;221;59;27;32;326;191;135;113;59;54
478469.211232519;5442722.9369244;562653;Ponědrážka;3114;Třeboň;77;34;43;9;2;7;51;25;26;17;7;10
455203.429781654;5652330.12079643;562661;Lipová;4212;Rumburk;592;297;295;89;50;39;399;202;197;104;45;59
478575.464122853;5440765.42287994;562670;Ponědraž;3114;Třeboň;120;62;58;15;7;8;79;45;34;26;10;16
482210.35307581;5438420.59675558;562688;Klec;3114;Třeboň;171;83;88;15;5;10;112;57;55;44;21;23
503818.798896847;5454900.1943981;562696;Hadravova Rosička;3105;Jindřichův Hradec;54;25;29;10;4;6;33;16;17;11;5;6
448406.132450855;5621820.02219543;562700;Malá Veleň;4202;Děčín;466;236;230;84;48;36;306;152;154;76;36;40
440146.053023348;5620134.21931969;562718;Malšovice;4202;Děčín;855;436;419;139;69;70;590;311;279;126;56;70
535987.236169644;5429417.85102745;562726;Báňovice;3104;Dačice;104;55;49;13;9;4;71;38;33;20;8;12
511256.197570242;5446815.62964932;562734;Nová Olešná;3105;Jindřichův Hradec;126;66;60;21;10;11;75;42;33;30;14;16
515030.026734558;5449133.30719863;562742;Bořetín;3105;Jindřichův Hradec;97;49;48;21;13;8;61;29;32;15;7;8
455240.917083636;5645783.58212332;562751;Mikulášovice;4212;Rumburk;2159;1110;1049;326;174;152;1424;749;675;409;187;222
519169.53050251;5446921.15273649;562769;Jilem;3105;Jindřichův Hradec;118;57;61;16;5;11;75;39;36;27;13;14
468355.291193922;5644754.30656454;562777;Rumburk;4212;Rumburk;11179;5491;5688;1762;905;857;7508;3777;3731;1909;809;1100
520569.574672303;5445200.93884734;562785;Horní Němčice;3104;Dačice;86;47;39;12;6;6;54;32;22;20;9;11
466468.971823966;5635770.73782327;562793;Rybniště;4215;Varnsdorf;650;345;305;89;43;46;428;238;190;133;64;69
495201.760902644;5410678.57928377;562807;Halámky;3114;Třeboň;180;91;89;16;11;5;115;61;54;49;19;30
477855.026551132;5431178.20691595;562815;Dunajovice;3114;Třeboň;224;120;104;39;22;17;153;84;69;32;14;18
462494.890492518;5644807.43545099;562823;Staré Křečany;4212;Rumburk;1282;666;616;223;117;106;850;452;398;209;97;112
483039.117097802;5419386.13558786;562831;Hrachoviště;3114;Třeboň;85;41;44;11;4;7;58;32;26;16;5;11
481598.547568719;5424507.49146631;562840;Domanín;3114;Třeboň;395;195;200;77;39;38;267;136;131;51;20;31
462731.307201901;5650358.42055947;562858;Šluknov;4212;Rumburk;5614;2808;2806;962;478;484;3714;1941;1773;938;389;549
471803.058093503;5450912.15826306;562866;Mažice;3110;Soběslav;126;66;60;8;4;4;76;45;31;42;17;25
452090.034715116;5616771.35793131;562874;Valkeřice;4202;Děčín;401;224;177;68;45;23;255;137;118;78;42;36
471550.386357797;5639797.15434726;562882;Varnsdorf;4215;Varnsdorf;15611;7595;8016;2509;1309;1200;10264;5119;5145;2838;1167;1671
456619.492327225;5621093.5614666;562891;Velká Bukovina;4202;Děčín;489;245;244;79;37;42;316;168;148;94;40;54
462839.079310207;5457952.87552036;562904;Hodonice;3112;Tábor;134;68;66;16;9;7;93;46;47;25;13;12
457131.05562916;5648820.90690543;562912;Velký Šenov;4212;Rumburk;1951;973;978;296;143;153;1304;682;622;351;148;203
449188.716401918;5613622.71434438;562921;Verneřice;4202;Děčín;1130;590;540;189;104;85;746;397;349;195;89;106
456596.394844198;5625871.64107193;562939;Veselé;4202;Děčín;343;176;167;57;31;26;224;119;105;62;26;36
452574.994728686;5649121.71010529;562947;Vilémov;4212;Rumburk;920;455;465;116;60;56;617;317;300;187;78;109
475490.565869774;5478425.40017601;562955;Košín;3112;Tábor;91;40;51;20;6;14;63;31;32;8;3;5
479838.814982247;5481990.95122327;562963;Jedlany;3112;Tábor;82;41;41;17;9;8;45;24;21;20;8;12
387020.642758138;5591578.68336828;562971;Chomutov;4203;Chomutov;48710;24028;24682;7502;3798;3704;32500;16657;15843;8708;3573;5135
395237.311344925;5586698.27235247;562980;Bílence;4203;Chomutov;236;117;119;38;23;15;163;79;84;35;15;20
383222.742015025;5598297.69746151;562998;Blatno;4203;Chomutov;531;276;255;90;48;42;361;184;177;80;44;36
387212.951129171;5601315.79114583;563005;Boleboř;4203;Chomutov;249;143;106;31;19;12;183;102;81;35;22;13
387218.406031294;5582659.57122327;563013;Březno;4203;Chomutov;1311;671;640;228;114;114;881;463;418;202;94;108
383373.253621064;5589633.34271279;563021;Černovice;4203;Chomutov;554;269;285;94;42;52;364;182;182;96;45;51
487603.000796322;5466343.65967191;563030;Krtov;3112;Tábor;148;71;77;24;6;18;100;55;45;24;10;14
370164.426687088;5587736.21091371;563048;Domašín;4204;Kadaň;169;87;82;29;13;16;123;64;59;17;10;7
388534.978809787;5586834.84006156;563056;Droužkovice;4203;Chomutov;806;383;423;123;57;66;574;280;294;109;46;63
375379.664536567;5598374.45152313;563064;Hora Svatého Šebestiána;4203;Chomutov;276;152;124;41;24;17;205;113;92;30;15;15
394290.555762319;5583325.71110994;563072;Hrušovany;4203;Chomutov;554;286;268;116;60;56;381;198;183;57;28;29
385709.40464382;5577638.6824816;563081;Chbany;4204;Kadaň;610;306;304;91;42;49;445;227;218;74;37;37
388898.951196238;5596091.44646392;563099;Jirkov;4203;Chomutov;19835;9770;10065;3308;1679;1629;14006;7116;6890;2521;975;1546
378065.118562625;5582661.75792284;563102;Kadaň;4204;Kadaň;17839;8794;9045;2905;1485;1420;11872;6087;5785;3062;1222;1840
380793.397924057;5603878.07424386;563111;Kalek;4203;Chomutov;238;134;104;29;14;15;164;95;69;45;25;20
371535.286034908;5584070.57551418;563129;Klášterec nad Ohří;4204;Kadaň;14730;7288;7442;2168;1098;1070;10195;5207;4988;2367;983;1384
362677.931511556;5588902.41477107;563137;Kovářská;4204;Kadaň;1062;545;517;137;62;75;761;415;346;164;68;96
490823.947306488;5467395.44253416;563145;Chrbonín;3112;Tábor;153;79;74;24;8;16;102;56;46;27;15;12
486278.607929592;5454473.81605173;563153;Třebějice;3110;Soběslav;73;38;35;9;5;4;37;20;17;27;13;14
380338.772247414;5594576.6784652;563161;Křimov;4203;Chomutov;418;226;192;79;37;42;302;168;134;37;21;16
473082.58194038;5476912.29705653;563170;Svrabov;3112;Tábor;59;34;25;11;9;2;35;19;16;13;6;7
385715.981971565;5574514.87231838;563188;Libědice;4204;Kadaň;246;119;127;36;12;24;172;86;86;38;21;17
473799.270970776;5478603.6100511;563196;Radimovice u Tábora;3112;Tábor;63;34;29;5;4;1;46;24;22;12;6;6
380276.712854347;5589126.47712576;563200;Málkov;4203;Chomutov;810;429;381;122;64;58;583;316;267;105;49;56
376715.027131909;5568446.73705956;563218;Mašťov;4204;Kadaň;568;298;270;80;36;44;390;218;172;98;44;54
365934.428266654;5587054.46800025;563226;Měděnec;4204;Kadaň;150;87;63;16;12;4;104;58;46;30;17;13
468734.89185386;5476024.51839316;563234;Meziříčí;3112;Tábor;171;85;86;38;16;22;95;51;44;38;18;20
377463.401949046;5589736.37192872;563242;Místo;4203;Chomutov;453;241;212;61;40;21;313;160;153;79;41;38
470974.447263854;5477683.64888638;563251;Balkova Lhota;3112;Tábor;129;68;61;27;16;11;85;43;42;17;9;8
367627.988673378;5580507.87360869;563269;Okounov;4204;Kadaň;339;183;156;54;29;25;236;127;109;49;27;22
390408.896192979;5592923.85771737;563277;Otvice;4203;Chomutov;645;321;324;98;50;48;442;223;219;105;48;57
363864.499713728;5583843.64405603;563285;Perštejn;4204;Kadaň;1099;561;538;175;94;81;738;379;359;186;88;98
382367.992483699;5575503.90939124;563293;Pětipsy;4204;Kadaň;201;115;86;33;20;13;135;76;59;33;19;14
467428.173076476;5476234.43467324;563307;Drhovice;3112;Tábor;210;105;105;31;19;12;148;70;78;31;16;15
366239.159147695;5593184.73000651;563315;Kryštofovy Hamry;4204;Kadaň;120;67;53;11;4;7;74;45;29;35;18;17
375966.02250582;5572814.17602133;563323;Radonice;4204;Kadaň;1141;588;553;188;96;92;770;409;361;183;83;100
379618.394191235;5579374.34580113;563331;Rokle;4204;Kadaň;268;148;120;53;30;23;169;95;74;46;23;23
384109.473397957;5587545.22725296;563340;Spořice;4203;Chomutov;1502;756;746;268;144;124;1062;540;522;172;72;100
395873.364377699;5591089.8134416;563358;Strupčice;4203;Chomutov;858;438;420;146;84;62;607;306;301;105;48;57
467385.40868699;5469540.4024287;563366;Bečice;3112;Tábor;74;42;32;7;4;3;49;30;19;18;8;10
492238.062298891;5462574.66474463;563374;Psárov;3112;Tábor;114;62;52;9;7;2;67;40;27;38;15;23
391290.110423246;5588910.81949315;563382;Údlice;4203;Chomutov;1176;616;560;181;102;79;816;432;384;179;82;97
359927.281443497;5592520.74967708;563404;Vejprty;4204;Kadaň;2827;1460;1367;381;185;196;1948;1069;879;498;206;292
383042.96816279;5571260.08400795;563412;Veliká Ves;4204;Kadaň;299;149;150;51;22;29;204;109;95;44;18;26
379724.091344566;5575206.94768812;563439;Vilémov;4204;Kadaň;582;288;294;82;45;37;408;208;200;92;35;57
493311.536503572;5467095.3274638;563447;Vlčeves;3112;Tábor;83;44;39;8;4;4;55;31;24;20;9;11
480641.15426243;5486812.21727868;563455;Nová Ves u Mladé Vožice;3112;Tábor;175;93;82;20;10;10;116;64;52;39;19;20
393366.644449358;5595068.83837522;563463;Vrskmaň;4203;Chomutov;285;146;139;44;23;21;206;105;101;35;18;17
390836.309544891;5585524.7284484;563471;Všehrdy;4203;Chomutov;158;93;65;26;14;12;114;68;46;18;11;7
394026.829435833;5590115.87801269;563480;Všestudy;4203;Chomutov;186;90;96;26;11;15;135;66;69;25;13;12
373606.470978166;5592553.05054673;563498;Výsluní;4203;Chomutov;380;263;117;36;16;20;298;219;79;46;28;18
391288.590091997;5599280.60718133;563501;Vysoká Pec;4203;Chomutov;1062;539;523;143;67;76;738;383;355;181;89;92
511678.568598736;5619642.15081919;563510;Jablonec nad Nisou;5103;Jablonec nad Nisou;45510;21764;23746;7184;3724;3460;29644;14481;15163;8682;3559;5123
519199.341233678;5626665.40735267;563528;Albrechtice v Jizerských horách;5108;Tanvald;338;177;161;52;29;23;225;117;108;61;31;30
511414.09101857;5629100.04992774;563536;Bedřichov;5103;Jablonec nad Nisou;327;175;152;58;37;21;234;121;113;35;17;18
472559.066706174;5469241.94259655;563544;Libějice;3112;Tábor;128;67;61;18;8;10;84;47;37;26;12;14
522503.040594557;5624653.39438442;563552;Desná;5108;Tanvald;3133;1554;1579;420;221;199;2123;1097;1026;590;236;354
521335.941936638;5615284.25556954;563561;Držkov;5110;Železný Brod;574;286;288;79;41;38;394;207;187;101;38;63
510831.053756763;5610462.24356676;563579;Frýdštejn;5109;Turnov;856;434;422;123;70;53;555;287;268;178;77;101
473185.119615164;5467907.1365661;563587;Lom;3112;Tábor;162;82;80;27;14;13;100;54;46;35;14;21
511773.409673075;5624697.45328494;563595;Janov nad Nisou;5103;Jablonec nad Nisou;1393;734;659;236;134;102;906;481;425;251;119;132
509345.272546929;5608961.44078923;563609;Jenišovice;5109;Turnov;1103;543;560;211;104;107;743;375;368;149;64;85
521075.069276754;5613013.82911004;563617;Jílové u Držkova;5110;Železný Brod;212;105;107;35;13;22;133;72;61;44;20;24
461167.105903544;5464348.75886798;563625;Haškovcova Lhota;3112;Tábor;77;43;34;11;6;5;52;29;23;14;8;6
515216.518498319;5626907.99907439;563633;Josefův Důl;5103;Jablonec nad Nisou;888;473;415;114;69;45;562;301;261;212;103;109
515416.349323213;5608527.03111111;563641;Koberovy;5110;Železný Brod;1036;509;527;144;68;76;687;354;333;205;87;118
484753.731040834;5466473.56412331;563650;Dlouhá Lhota;3112;Tábor;164;84;80;20;9;11;109;61;48;35;14;21
524010.611760752;5627809.92318698;563668;Kořenov;5108;Tanvald;947;478;469;106;55;51;650;349;301;191;74;117
515239.484341985;5610428.82411552;563676;Líšný;5110;Železný Brod;263;132;131;44;24;20;156;78;78;63;30;33
518729.883659638;5614625.61647776;563684;Loužnice;5110;Železný Brod;221;115;106;39;22;17;132;72;60;50;21;29
515093.524249212;5622452.1123976;563692;Lučany nad Nisou;5103;Jablonec nad Nisou;1751;906;845;263;140;123;1204;647;557;284;119;165
513557.680241056;5611127.976125;563706;Malá Skála;5109;Turnov;1159;560;599;177;87;90;743;371;372;239;102;137
514194.903867119;5615955.84809156;563714;Maršovice;5103;Jablonec nad Nisou;537;278;259;77;38;39;369;192;177;91;48;43
464899.724872745;5463573.87811028;563722;Černýšovice;3112;Tábor;76;37;39;10;5;5;45;23;22;21;9;12
515323.560628806;5618996.99813899;563731;Nová Ves nad Nisou;5103;Jablonec nad Nisou;784;420;364;139;81;58;538;289;249;107;50;57
516651.399578093;5615432.52060309;563749;Pěnčín;5110;Železný Brod;1944;980;964;334;177;157;1234;636;598;376;167;209
522740.986539963;5616979.09541471;563757;Plavy;5108;Tanvald;1045;530;515;165;88;77;678;360;318;202;82;120
483440.961594072;5446723.27918989;563765;Drahov;3110;Soběslav;171;81;90;26;10;16;95;51;44;50;20;30
519689.533374729;5613754.32857934;563773;Radčice;5110;Železný Brod;167;88;79;28;20;8;93;49;44;46;19;27
509116.877544618;5617091.65961521;563781;Rádlo;5103;Jablonec nad Nisou;830;421;409;163;85;78;528;267;261;139;69;70
509605.296497882;5614405.97685221;563790;Rychnov u Jablonce nad Nisou;5103;Jablonec nad Nisou;2719;1392;1327;529;295;234;1824;945;879;366;152;214
514978.466689717;5613572.3440103;563803;Skuhrov;5110;Železný Brod;556;266;290;94;51;43;347;158;189;115;57;58
518167.950761503;5619972.84322123;563811;Smržovka;5108;Tanvald;3705;1863;1842;637;332;305;2483;1289;1194;585;242;343
521316.272728576;5621402.35178445;563820;Tanvald;5108;Tanvald;6477;3163;3314;985;500;485;4161;2101;2060;1331;562;769
521521.293563057;5618670.02552272;563838;Velké Hamry;5108;Tanvald;2695;1275;1420;362;175;187;1747;884;863;586;216;370
522331.137326228;5612308.02193901;563846;Vlastiboř;5110;Železný Brod;127;62;65;9;3;6;81;43;38;37;16;21
519303.955082628;5616577.74068174;563854;Zásada;5110;Železný Brod;891;435;456;142;74;68;573;275;298;176;86;90
524882.228101346;5616467.97478468;563862;Zlatá Olešnice;5108;Tanvald;507;255;252;64;33;31;346;181;165;97;41;56
518616.718663262;5610991.21195731;563871;Železný Brod;5110;Železný Brod;6082;2926;3156;854;407;447;3901;1995;1906;1327;524;803
503685.888611345;5623657.73596462;563889;Liberec;5105;Liberec;103288;49851;53437;16640;8438;8202;67295;33536;33759;19353;7877;11476
477345.018080769;5450228.89974085;563897;Žíšov;3110;Soběslav;213;116;97;34;20;14;138;78;60;41;18;23
502471.908030878;5611924.42131809;563901;Bílá;5105;Liberec;936;458;478;176;80;96;620;317;303;140;61;79
493667.474739596;5628888.29275307;563919;Bílý Kostel nad Nisou;5105;Liberec;943;479;464;162;92;70;623;316;307;158;71;87
493841.814794088;5482517.12645156;563927;Zadní Střítež;3112;Tábor;30;11;19;1;0;1;19;9;10;10;2;8
509228.374076566;5647395.23198781;563935;Bulovka;5102;Frýdlant;882;459;423;154;78;76;621;337;284;107;44;63
494280.392115699;5611171.59771829;563943;Cetenov;5105;Liberec;120;65;55;26;13;13;68;38;30;26;14;12
418222.128494727;5461747.35713571;563951;Únice;3111;Strakonice;58;36;22;5;5;0;41;26;15;12;5;7
498922.832627891;5612409.67222457;563960;Český Dub;5105;Liberec;2718;1381;1337;360;188;172;1802;978;824;556;215;341
410238.690945117;5426052.99935758;563978;Kubova Huť;3116;Vimperk;97;51;46;12;7;5;63;32;31;22;12;10
478898.769224253;5458982.25119801;563986;Klenovice;3110;Soběslav;637;317;320;132;65;67;412;212;200;93;40;53
511827.453743352;5644033.62412401;563994;Dolní Řasnice;5102;Frýdlant;522;271;251;93;44;49;355;194;161;74;33;41
504723.029782303;5639087.96640033;564028;Frýdlant;5102;Frýdlant;7548;3685;3863;1261;654;607;4876;2412;2464;1411;619;792
505603.64242949;5650746.16295028;564036;Habartice;5102;Frýdlant;512;264;248;89;49;40;347;185;162;76;30;46
515286.480236429;5632985.07990216;564044;Hejnice;5102;Frýdlant;2730;1325;1405;421;207;214;1830;917;913;479;201;278
494600.605368271;5609033.68580148;564052;Hlavice;5105;Liberec;235;106;129;29;13;16;130;59;71;76;34;42
506211.859213069;5613215.30931462;564061;Hodkovice nad Mohelkou;5105;Liberec;2843;1416;1427;428;219;209;1942;1008;934;473;189;284
514683.337711676;5646668.04437233;564079;Horní Řasnice;5102;Frýdlant;225;122;103;28;13;15;157;92;65;40;17;23
438298.48973436;5574041.41808295;564087;Poštovice;2124;Slaný;214;101;113;28;13;15;146;72;74;40;16;24
490695.288365515;5632418.78083099;564095;Hrádek nad Nisou;5105;Liberec;7626;3854;3772;1263;675;588;5029;2597;2432;1334;582;752
491215.746351065;5631962.42129668;564109;Chotyně;5105;Liberec;993;500;493;172;89;83;636;322;314;185;89;96
498030.965732664;5630696.30334786;564117;Chrastava;5105;Liberec;6213;3097;3116;1024;529;495;4182;2153;2029;1007;415;592
427152.668756299;5567330.11460828;564125;Plchov;2124;Slaný;187;87;100;22;10;12;133;61;72;32;16;16
517852.931468336;5644810.77025389;564133;Jindřichovice pod Smrkem;5102;Frýdlant;672;324;348;137;63;74;382;196;186;153;65;88
500111.302449018;5606507.10744411;564141;Kobyly;5109;Turnov;343;178;165;54;31;23;228;115;113;61;32;29
445548.044424995;5558095.96608474;564150;Libochovičky;2109;Kladno;51;26;25;5;3;2;42;22;20;4;1;3
508971.559596928;5642738.90887724;564168;Krásný Les;5102;Frýdlant;452;225;227;70;27;43;299;161;138;83;37;46
495932.510038409;5623875.72976806;564176;Kryštofovo Údolí;5105;Liberec;346;196;150;67;37;30;231;132;99;48;27;21
492231.072460608;5621127.9355412;564184;Křižany;5105;Liberec;856;435;421;150;78;72;542;283;259;164;74;90
432027.786410935;5573428.03266826;564192;Páleč;2124;Slaný;205;96;109;40;18;22;138;68;70;27;10;17
516724.565826359;5637287.25246799;564206;Lázně Libverda;5102;Frýdlant;439;222;217;65;29;36;307;160;147;67;33;34
426947.296717275;5487733.97226936;564214;Počaply;2120;Příbram;97;45;52;15;4;11;73;37;36;9;4;5
429308.904351779;5489971.99124366;564222;Nestrašovice;2120;Příbram;61;31;30;12;4;8;33;18;15;16;9;7
506204.125941184;5630698.0655955;564231;Mníšek;5105;Liberec;1508;762;746;300;159;141;998;510;488;210;93;117
423567.652129576;5494522.09122441;564249;Chrást;2120;Příbram;205;98;107;27;12;15;145;72;73;33;14;19
426215.797893469;5492609.94950432;564257;Horčápsko;2120;Příbram;93;56;37;9;5;4;66;41;25;18;10;8
515813.711589703;5640593.91273772;564265;Nové Město pod Smrkem;5102;Frýdlant;3771;1872;1899;601;288;313;2554;1337;1217;616;247;369
431208.948463381;5491567.13595371;564273;Svojšice;2120;Příbram;109;55;54;22;11;11;65;34;31;22;10;12
506448.19054181;5633269.80960257;564281;Oldřichov v Hájích;5105;Liberec;740;379;361;148;79;69;488;251;237;104;49;55
494121.070588479;5616274.38571841;564290;Osečná;5105;Liberec;1100;536;564;176;80;96;742;377;365;182;79;103
504953.40084598;5605834.22531185;564303;Pěnčín;5109;Turnov;679;328;351;121;64;57;439;209;230;119;55;64
505788.042335738;5647840.77884872;564311;Pertoltice;5102;Frýdlant;288;143;145;50;19;31;201;109;92;37;15;22
433877.742002557;5493596.60927967;564320;Zbenice;2120;Příbram;122;57;65;14;8;6;82;37;45;26;12;14
449354.758676647;5506721.56142669;564338;Županovice;2107;Dobříš;80;38;42;10;5;5;51;26;25;19;7;12
428267.314169907;5497727.36105006;564346;Lazsko;2120;Příbram;198;103;95;33;19;14;127;68;59;38;16;22
505759.320941924;5602780.58064346;564354;Příšovice;5109;Turnov;1315;646;669;200;92;108;886;456;430;229;98;131
431262.84600544;5495958.03006459;564362;Vrančice;2120;Příbram;149;76;73;15;8;7;114;60;54;20;8;12
509482.780923396;5637469.68692115;564371;Raspenava;5102;Frýdlant;2803;1387;1416;436;220;216;1874;938;936;493;229;264
433495.908730394;5499028.28023309;564389;Radětice;2120;Příbram;190;102;88;36;27;9;127;62;65;27;13;14
488844.481375082;5626431.72373125;564397;Rynoltice;5105;Liberec;755;384;371;107;57;50;500;257;243;148;70;78
502302.17580431;5606446.84834494;564401;Soběslavice;5109;Turnov;171;84;87;38;19;19;107;54;53;26;11;15
436247.101738822;5494367.70451265;564419;Cetyně;2120;Příbram;153;82;71;16;8;8;107;64;43;30;10;20
498147.156366239;5618530.44521726;564427;Světlá pod Ještědem;5105;Liberec;937;472;465;147;77;70;594;311;283;196;84;112
502723.343130472;5604261.57000327;564435;Svijanský Újezd;5109;Turnov;417;212;205;53;34;19;293;149;144;71;29;42
503715.982870382;5602597.47699194;564443;Svijany;5109;Turnov;311;158;153;44;26;18;216;109;107;51;23;28
505465.421385486;5609797.64036722;564451;Sychrov;5109;Turnov;202;109;93;43;24;19;135;73;62;24;12;12
503304.214999816;5617187.54262667;564460;Šimonovice;5105;Liberec;1121;560;561;260;128;132;771;392;379;90;40;50
425780.514667335;5499595.29560502;564478;Narysov;2120;Příbram;269;136;133;47;20;27;185;96;89;37;20;17
425814.169827204;5505263.82783275;564486;Podlesí;2120;Příbram;1097;564;533;187;96;91;726;384;342;184;84;100
501919.841769171;5646980.77675458;564494;Višňová;5102;Frýdlant;1349;694;655;197;100;97;893;490;403;259;104;155
431515.68044445;5505094.5148057;564508;Dubno;2120;Příbram;295;144;151;48;21;27;203;103;100;44;20;24
503394.81108913;5607995.69265451;564516;Vlastibořice;5109;Turnov;285;133;152;45;25;20;181;83;98;59;25;34
416218.569059777;5502064.1746585;564524;Nepomuk;2120;Příbram;189;89;100;24;8;16;121;61;60;44;20;24
497001.175457535;5608691.20994445;564532;Všelibice;5105;Liberec;553;291;262;71;39;32;379;214;165;103;38;65
491821.756011908;5624092.27906201;564541;Zdislava;5105;Liberec;284;143;141;46;23;23;182;94;88;56;26;30
438436.871060905;5493055.3308306;564559;Bohostice;2120;Příbram;201;103;98;25;15;10;136;77;59;40;11;29
438360.284479301;5598908.630313;564567;Litoměřice;4205;Litoměřice;24106;11614;12492;3817;1953;1864;15967;7934;8033;4322;1727;2595
453124.793169881;5585922.75411525;564575;Bechlín;4211;Roudnice nad Labem;1243;618;625;206;108;98;834;423;411;203;87;116
427969.801251865;5491573.50904008;564583;Starosedlský Hrádek;2120;Příbram;140;71;69;27;14;13;87;46;41;26;11;15
440050.081740384;5593536.52012526;564591;Bohušovice nad Ohří;4205;Litoměřice;2514;1201;1313;415;197;218;1675;830;845;424;174;250
421841.233417474;5490723.43419179;564605;Hlubyně;2120;Příbram;150;73;77;16;8;8;102;52;50;32;13;19
438690.811278171;5592189.88219814;564613;Brňany;4205;Litoměřice;438;218;220;53;22;31;317;166;151;68;30;38
438454.634340218;5588663.83037629;564621;Brozany nad Ohří;4205;Litoměřice;1312;651;661;228;126;102;861;427;434;223;98;125
419037.045251961;5497519.35318084;564630;Sedlice;2120;Příbram;266;129;137;40;18;22;179;92;87;47;19;28
443323.881221053;5578085.26137671;564648;Bříza;4211;Roudnice nad Labem;447;234;213;94;50;44;299;160;139;54;24;30
438593.487906166;5584084.78746406;564656;Budyně nad Ohří;4211;Roudnice nad Labem;2159;1102;1057;348;172;176;1420;763;657;391;167;224
434992.818989509;5491625.30698562;564664;Bukovany;2120;Příbram;83;41;42;10;1;9;51;30;21;22;10;12
450743.069797547;5580728.25444288;564672;Ctiněves;4211;Roudnice nad Labem;324;152;172;54;28;26;215;101;114;55;23;32
505084.049848997;5531183.64224763;564681;Drahobudice;2110;Kolín;251;117;134;38;19;19;163;76;87;50;22;28
432992.451625055;5588931.47784459;564699;Černiv;4208;Lovosice;152;78;74;16;11;5;114;57;57;22;10;12
483894.360708008;5541558.56423117;564702;Masojedy;2106;Český Brod;89;51;38;14;9;5;66;37;29;9;5;4
431688.034769899;5592384.69698887;564711;Čížkovice;4208;Lovosice;1416;704;712;256;128;128;915;484;431;245;92;153
423214.243981207;5588386.40272067;564729;Děčany;4208;Lovosice;364;181;183;57;25;32;244;127;117;63;29;34
426880.907680425;5590344.88576946;564737;Dlažkovice;4208;Lovosice;121;64;57;21;9;12;85;51;34;15;4;11
450433.627259241;5587610.86462141;564745;Dobříň;4211;Roudnice nad Labem;550;282;268;90;43;47;367;196;171;93;43;50
440877.694847886;5589997.195395;564753;Doksany;4211;Roudnice nad Labem;381;161;220;57;17;40;241;110;131;83;34;49
489335.417421108;5533073.35008894;564761;Konojedy;2122;Říčany;243;123;120;52;25;27;172;91;81;19;7;12
451729.890992437;5598723.02192483;564770;Drahobuz;4205;Litoměřice;270;127;143;49;28;21;177;85;92;44;14;30
491113.87116455;5535446.50161558;564788;Prusice;2122;Říčany;79;39;40;17;10;7;38;20;18;24;9;15
491583.024785817;5531295.7294802;564796;Výžerky;2122;Říčany;164;77;87;37;19;18;99;48;51;28;10;18
483643.984784964;5542573.44046252;564800;Hradešín;2106;Český Brod;426;207;219;115;58;57;275;132;143;36;17;19
442997.087404558;5585739.23805896;564818;Dušníky;4211;Roudnice nad Labem;422;229;193;87;49;38;290;161;129;45;19;26
487845.123837077;5543631.13060137;564826;Vrátkov;2106;Český Brod;269;135;134;38;21;17;182;93;89;49;21;28
429739.48607712;5581465.88550614;564834;Evaň;4208;Lovosice;279;145;134;34;20;14;175;95;80;70;30;40
437551.791715329;5603339.36794365;564842;Hlinná;4205;Litoměřice;249;127;122;35;16;19;170;89;81;44;22;22
453968.161062561;5579005.20381191;564851;Horní Beřkovice;4211;Roudnice nad Labem;917;436;481;138;66;72;593;301;292;186;69;117
478330.349839295;5540559.31434369;564869;Březí;2122;Říčany;505;244;261;101;45;56;328;166;162;76;33;43
453260.36444122;5594157.30864155;564877;Hoštka;4205;Litoměřice;1743;889;854;348;189;159;1136;586;550;259;114;145
481660.409230871;5540732.95568582;564885;Doubek;2122;Říčany;409;208;201;86;52;34;276;137;139;47;19;28
443594.607043944;5590144.69937319;564893;Hrobce;4211;Roudnice nad Labem;652;353;299;109;62;47;446;246;200;97;45;52
471595.14943756;5537606.4320345;564907;Nupaky;2122;Říčany;1572;781;791;397;218;179;1105;526;579;70;37;33
469480.368799315;5534711.57068013;564915;Herink;2122;Říčany;550;275;275;145;84;61;382;183;199;23;8;15
447066.789504238;5592049.04118217;564923;Chodouny;4211;Roudnice nad Labem;642;318;324;91;46;45;430;222;208;121;50;71
428650.332916549;5589762.61525606;564931;Chodovlice;4208;Lovosice;160;79;81;29;17;12;101;48;53;30;14;16
434786.539925634;5588303.50579958;564940;Chotěšov;4208;Lovosice;483;263;220;71;36;35;297;161;136;115;66;49
429047.543079248;5600109.44593364;564958;Chotiměř;4208;Lovosice;291;147;144;50;30;20;195;98;97;46;19;27
449211.825198828;5599678.68178399;564966;Chotiněves;4205;Litoměřice;205;108;97;24;12;12;135;72;63;46;24;22
482429.774808791;5558983.54640166;564974;Káraný;2103;Brandýs nad Labem-Stará Boleslav;752;375;377;129;64;65;478;246;232;145;65;80
477142.001884935;5545250.62451905;564982;Květnice;2103;Brandýs nad Labem-Stará Boleslav;1465;717;748;412;212;200;962;462;500;91;43;48
476526.91269028;5541772.75158027;564991;Křenice;2122;Říčany;700;324;376;162;72;90;473;224;249;65;28;37
478515.693890701;5544860.27904685;565008;Dobročovice;2103;Brandýs nad Labem-Stará Boleslav;255;135;120;50;25;25;179;101;78;26;9;17
436342.43343619;5592556.97833937;565016;Keblice;4208;Lovosice;365;187;178;56;25;31;246;132;114;63;30;33
428605.189685224;5586968.86376634;565024;Klapý;4208;Lovosice;476;255;221;50;30;20;326;180;146;100;45;55
446300.274408409;5582721.82524625;565032;Kleneč;4211;Roudnice nad Labem;537;264;273;97;49;48;351;173;178;89;42;47
398023.913022863;5540306.91557664;565041;Břežany;2121;Rakovník;145;84;61;26;16;10;88;54;34;31;14;17
453245.88758766;5581040.34082029;565059;Kostomlaty pod Řípem;4211;Roudnice nad Labem;450;236;214;81;47;34;291;154;137;78;35;43
449921.618957473;5583947.56533892;565067;Krabčice;4211;Roudnice nad Labem;900;442;458;138;66;72;556;298;258;206;78;128
427739.997348981;5583246.25369656;565075;Křesín;4208;Lovosice;341;179;162;49;25;24;223;122;101;69;32;37
444638.883150681;5597605.1063565;565083;Křešice;4205;Litoměřice;1424;720;704;201;101;100;935;492;443;288;127;161
449023.045270045;5588950.57399226;565091;Kyškovice;4211;Roudnice nad Labem;283;148;135;39;20;19;181;96;85;63;32;31
449839.136241374;5607510.15212892;565105;Levín;4205;Litoměřice;129;66;63;19;13;6;79;40;39;31;13;18
431381.769454169;5598242.76204507;565113;Lhotka nad Labem;4208;Lovosice;419;251;168;61;31;30;300;192;108;58;28;30
448355.215781106;5603388.11615785;565121;Liběšice;4205;Litoměřice;1530;825;705;236;137;99;1033;564;469;261;124;137
400752.65815187;5544023.82238675;565130;Všesulov;2121;Rakovník;143;71;72;22;13;9;95;44;51;26;14;12
453649.517053253;5582746.95382676;565148;Libkovice pod Řípem;4211;Roudnice nad Labem;563;274;289;99;43;56;367;190;177;97;41;56
432867.878121654;5602154.42815542;565156;Libochovany;4205;Litoměřice;577;296;281;99;54;45;384;203;181;94;39;55
431382.812426305;5584181.4782718;565164;Libochovice;4208;Lovosice;3507;1690;1817;521;269;252;2228;1128;1100;758;293;465
444735.630262805;5592160.73222051;565172;Libotenice;4211;Roudnice nad Labem;435;207;228;77;40;37;281;134;147;77;33;44
397566.556815828;5559141.50350867;565181;Děkov;2121;Rakovník;215;104;111;47;19;28;141;74;67;27;11;16
393174.967578946;5556895.16257752;565199;Kolešov;2121;Rakovník;156;86;70;36;22;14;98;53;45;22;11;11
412710.094186406;5539929.02692768;565202;Hracholusky;2121;Rakovník;69;34;35;7;6;1;43;19;24;19;9;10
447661.71353892;5609643.80257326;565211;Lovečkovice;4205;Litoměřice;545;278;267;91;43;48;352;185;167;102;50;52
433966.865678;5595697.77800106;565229;Lovosice;4208;Lovosice;8710;4207;4503;1358;714;644;5582;2780;2802;1770;713;1057
435264.990476387;5594053.55304845;565237;Lukavec;4208;Lovosice;358;194;164;47;22;25;259;150;109;52;22;30
432301.568820342;5598974.72260556;565245;Malé Žernoseky;4208;Lovosice;722;350;372;109;53;56;477;244;233;136;53;83
440117.377959082;5578993.05407625;565253;Martiněves;4211;Roudnice nad Labem;782;396;386;136;71;65;506;269;237;140;56;84
402674.468033796;5552945.04421883;565261;Přílepy;2121;Rakovník;192;93;99;29;13;16;126;64;62;37;16;21
402760.115425087;5562413.44628431;565270;Janov;2121;Rakovník;118;61;57;16;11;5;71;39;32;31;11;20
415811.58644014;5536593.33122419;565288;Karlova Ves;2121;Rakovník;130;68;62;26;16;10;76;37;39;28;15;13
437164.710630542;5596762.72680017;565296;Mlékojedy;4205;Litoměřice;218;107;111;37;17;20;150;78;72;31;12;19
448336.41375623;5578729.61087198;565300;Mnetěš;4211;Roudnice nad Labem;575;284;291;105;54;51;386;198;188;84;32;52
435016.02920579;5579167.65541965;565318;Mšené-lázně;4211;Roudnice nad Labem;1737;871;866;267;140;127;1149;591;558;321;140;181
397679.094885538;5552356.90474362;565326;Švihov;2121;Rakovník;49;30;19;8;5;3;32;21;11;9;4;5
406163.582378621;5545326.15187263;565334;Hvozd;2121;Rakovník;171;86;85;31;15;16;112;57;55;28;14;14
441929.248278964;5588002.50452903;565342;Nové Dvory;4211;Roudnice nad Labem;406;207;199;61;35;26;260;132;128;85;40;45
402889.611055929;5543879.72157971;565351;Krakov;2121;Rakovník;131;66;65;29;13;16;82;45;37;20;8;12
403509.213595721;5541875.90094823;565369;Krakovec;2121;Rakovník;80;43;37;9;5;4;58;32;26;13;6;7
404551.691812057;5544792.0623819;565377;Malinová;2121;Rakovník;89;49;40;18;11;7;59;32;27;12;6;6
415677.077704081;5566398.17293899;565385;Kozojedy;2121;Rakovník;94;49;45;15;8;7;54;29;25;25;12;13
443261.320278605;5602220.62905134;565393;Ploskovice;4205;Litoměřice;435;228;207;80;37;43;278;158;120;77;33;44
414788.317697174;5566667.20770541;565407;Smilovice;2121;Rakovník;64;31;33;10;3;7;42;23;19;12;5;7
424441.076757286;5592240.94175683;565415;Podsedice;4208;Lovosice;655;325;330;98;53;45;418;212;206;139;60;79
418458.854147908;5563227.24389125;565423;Bdín;2121;Rakovník;65;27;38;14;8;6;38;15;23;13;4;9
447801.677455047;5596911.8390085;565431;Polepy;4205;Litoměřice;1381;692;689;229;112;117;934;482;452;218;98;120
416185.878452898;5562360.0966175;565440;Kalivody;2121;Rakovník;102;58;44;12;10;2;66;35;31;24;13;11
430916.275506765;5602060.70475736;565458;Prackovice nad Labem;4208;Lovosice;601;308;293;94;50;44;391;203;188;116;55;61
417778.556182577;5564969.91687186;565466;Milý;2121;Rakovník;180;92;88;29;17;12;117;58;59;34;17;17
443420.78357935;5583362.74114477;565474;Přestavlky;4211;Roudnice nad Labem;282;135;147;52;24;28;194;95;99;36;16;20
453554.750350866;5590042.14859697;565482;Račice;4205;Litoměřice;334;162;172;50;27;23;220;109;111;64;26;38
443761.265918781;5580887.48686873;565491;Račiněves;4211;Roudnice nad Labem;573;295;278;99;53;46;385;205;180;89;37;52
399214.520483557;5548564.48857872;565504;Řeřichy;2121;Rakovník;87;38;49;16;6;10;57;24;33;14;8;6
398855.965885638;5546833.91679795;565512;Václavy;2121;Rakovník;68;34;34;8;7;1;46;20;26;14;7;7
434072.908693097;5584681.93457873;565521;Radovesice;4208;Lovosice;473;239;234;80;46;34;313;157;156;80;36;44
484330.560907914;5581037.53972276;565539;Sovínky;2115;Mladá Boleslav;299;162;137;47;26;21;206;113;93;46;23;23
436934.188585429;5590146.75610154;565547;Rochov;4205;Litoměřice;113;58;55;27;14;13;65;34;31;21;10;11
446412.170528325;5585728.70776826;565555;Roudnice nad Labem;4211;Roudnice nad Labem;12995;6337;6658;2040;1064;976;8361;4216;4145;2594;1057;1537
493185.221181207;5568678.04175841;565563;Lipník;2115;Mladá Boleslav;331;165;166;75;38;37;199;103;96;57;24;33
497833.97791307;5569495.71496409;565571;Vlkava;2115;Mladá Boleslav;422;206;216;66;21;45;274;145;129;82;40;42
485852.918354449;5591380.50141442;565580;Plužná;2115;Mladá Boleslav;238;126;112;45;27;18;160;86;74;33;13;20
434003.725659476;5592074.66335656;565598;Siřejovice;4208;Lovosice;284;146;138;40;22;18;193;99;94;51;25;26
431865.473455454;5587016.58833287;565601;Slatina;4208;Lovosice;278;138;140;40;18;22;189;98;91;49;22;27
458332.047228352;5596380.76815766;565610;Snědovice;4205;Litoměřice;764;405;359;98;53;45;543;296;247;123;56;67
496180.699135999;5580622.02581347;565628;Vinařice;2115;Mladá Boleslav;294;143;151;51;24;27;188;95;93;55;24;31
507498.829503765;5587845.93508135;565636;Rohatsko;2115;Mladá Boleslav;272;144;128;69;42;27;172;86;86;31;16;15
481354.743933245;5570505.53167885;565644;Mečeříž;2115;Mladá Boleslav;479;244;235;81;36;45;327;174;153;71;34;37
507068.106937768;5581274.37231127;565652;Rabakov;2115;Mladá Boleslav;59;32;27;6;4;2;32;17;15;21;11;10
507382.913667806;5584381.10431566;565661;Řitonice;2115;Mladá Boleslav;86;44;42;18;8;10;54;30;24;14;6;8
445931.564949082;5578177.68113916;565679;Straškov-Vodochody;4211;Roudnice nad Labem;1070;505;565;188;91;97;686;339;347;196;75;121
431932.251154212;5594324.71192467;565695;Sulejovice;4208;Lovosice;784;445;339;97;54;43;542;323;219;145;68;77
458361.238686168;5590736.67677717;565709;Štětí;4205;Litoměřice;8861;4357;4504;1417;719;698;5901;2983;2918;1543;655;888
440656.958632561;5596006.17476059;565717;Terezín;4205;Litoměřice;2916;1442;1474;424;228;196;1917;981;936;575;233;342
509117.812460679;5582646.27723835;565725;Veselice;2115;Mladá Boleslav;134;73;61;21;12;9;95;55;40;18;6;12
488612.536249838;5577109.42094531;565733;Hrušov;2115;Mladá Boleslav;226;109;117;43;25;18;150;69;81;33;15;18
443138.983147497;5594915.86189993;565741;Travčice;4205;Litoměřice;612;310;302;86;45;41;408;210;198;118;55;63
493350.430663919;5596858.33060745;565750;Bílá Hlína;2116;Mnichovo Hradiště;116;55;61;20;10;10;77;35;42;19;10;9
426006.214284879;5594510.63592238;565768;Třebenice;4208;Lovosice;2022;1080;942;306;159;147;1340;742;598;376;179;197
421657.563693631;5591806.62856857;565776;Třebívlice;4208;Lovosice;866;449;417;109;53;56;576;311;265;181;85;96
499805.591846374;5574299.44563416;565784;Charvatce;2115;Mladá Boleslav;248;129;119;43;28;15;149;73;76;56;28;28
444237.80933581;5606165.48007871;565792;Třebušín;4205;Litoměřice;543;276;267;78;47;31;350;180;170;115;49;66
431619.553842361;5590195.5893407;565806;Úpohlavy;4208;Lovosice;243;121;122;34;17;17;167;85;82;42;19;23
454389.011360963;5603904.9471105;565814;Úštěk;4205;Litoměřice;2868;1442;1426;415;200;215;1958;1024;934;495;218;277
497686.215195283;5601107.48902578;565822;Mohelnice nad Jizerou;2116;Mnichovo Hradiště;97;49;48;15;8;7;59;29;30;23;12;11
447767.11748396;5587735.45008966;565831;Vědomice;4211;Roudnice nad Labem;876;451;425;151;86;65;557;281;276;168;84;84
426500.416012873;5599263.58061307;565849;Velemín;4208;Lovosice;1581;800;781;254;139;115;1012;521;491;315;140;175
433792.351654029;5599360.4365166;565857;Velké Žernoseky;4205;Litoměřice;490;255;235;81;43;38;334;184;150;75;28;47
430365.073071252;5595931.51742035;565865;Vchynice;4208;Lovosice;297;158;139;35;23;12;213;112;101;49;23;26
425804.254966625;5594806.24951134;565873;Vlastislav;4208;Lovosice;164;77;87;23;10;13;106;54;52;35;13;22
447556.784164852;5580939.792792;565881;Vražkov;4211;Roudnice nad Labem;429;223;206;80;47;33;283;148;135;66;28;38
449600.728743133;5592472.17630227;565890;Vrbice;4211;Roudnice nad Labem;515;251;264;111;59;52;331;161;170;73;31;42
435385.904470589;5590575.09063021;565903;Vrbičany;4208;Lovosice;303;148;155;42;18;24;208;112;96;53;18;35
450170.173739653;5594752.56156617;565911;Vrutice;4205;Litoměřice;310;159;151;54;27;27;200;104;96;56;28;28
482097.650146305;5588777.82982961;565920;Sudoměř;2115;Mladá Boleslav;90;44;46;12;5;7;59;32;27;19;7;12
435463.912356397;5585539.68542686;565938;Žabovřesky nad Ohří;4211;Roudnice nad Labem;257;125;132;46;23;23;175;85;90;36;17;19
435393.359381751;5597468.0123376;565946;Žalhostice;4205;Litoměřice;539;271;268;97;52;45;338;174;164;104;45;59
444742.103564718;5588402.14589558;565954;Židovice;4211;Roudnice nad Labem;380;195;185;76;35;41;242;128;114;62;32;30
440221.604128708;5602263.91361779;565962;Žitenice;4205;Litoměřice;1541;812;729;260;140;120;1065;573;492;216;99;117
414705.014353042;5579254.30040941;565971;Louny;4207;Louny;18407;8817;9590;2883;1503;1380;12253;5991;6262;3271;1323;1948
479206.114447103;5564856.64825945;565989;Hlavenec;2103;Brandýs nad Labem-Stará Boleslav;386;186;200;79;38;41;271;129;142;36;19;17
402269.211803983;5581573.40741611;565997;Bitozeves;4216;Žatec;431;220;211;76;39;37;299;157;142;56;24;32
383291.601347802;5551618.4267711;566004;Blatno;4210;Podbořany;516;250;266;72;39;33;355;171;184;89;40;49
402478.009728156;5584737.00031365;566012;Blažim;4216;Žatec;268;131;137;56;31;25;185;88;97;27;12;15
393464.298124644;5564271.74150753;566021;Blšany;4210;Podbořany;970;506;464;157;80;77;626;340;286;187;86;101
488782.15695757;5579214.3728972;566039;Jizerní Vtelno;2115;Mladá Boleslav;340;164;176;50;29;21;235;114;121;55;21;34
476360.48065206;5573725.59749724;566047;Košátky;2115;Mladá Boleslav;204;100;104;42;15;27;126;69;57;36;16;20
374569.573493517;5486896.38378328;566055;Vřeskovice;3205;Klatovy;303;158;145;45;27;18;201;104;97;57;27;30
409133.776638585;5584465.76884689;566063;Břvany;4207;Louny;316;156;160;55;24;31;213;111;102;48;21;27
358687.164571879;5497070.21347278;566071;Všekary;3212;Stod;110;62;48;26;18;8;66;34;32;18;10;8
357114.482307676;5494371.41508998;566080;Čečovice;3212;Stod;114;65;49;32;19;13;71;41;30;11;5;6
354980.377914688;5497134.80028214;566098;Černovice;3212;Stod;161;81;80;19;10;9;80;47;33;62;24;38
358773.610538714;5494085.60258838;566101;Štichov;3212;Stod;80;37;43;16;6;10;52;26;26;12;5;7
400795.982759775;5564804.2763479;566128;Deštnice;4216;Žatec;201;102;99;38;18;20;127;66;61;36;18;18
358319.740202441;5471416.36270855;566136;Brnířov;3202;Domažlice;394;205;189;61;37;24;260;135;125;73;33;40
360650.639206613;5481604.48658788;566144;Kanice;3202;Domažlice;198;102;96;35;23;12;123;62;61;40;17;23
409186.283451555;5566236.37865781;566152;Domoušice;4207;Louny;660;353;307;104;57;47;422;236;186;134;60;74
361095.624641431;5478244.48346232;566161;Úboč;3202;Domažlice;113;62;51;17;12;5;81;45;36;15;5;10
358918.389190074;5480395.2449616;566179;Hradiště;3202;Domažlice;164;89;75;29;18;11;104;56;48;31;15;16
398298.110580992;5570660.62546466;566187;Holedeč;4216;Žatec;575;292;283;88;41;47;379;197;182;108;54;54
419169.05352061;5570986.95303377;566195;Hříškov;4207;Louny;395;196;199;53;23;30;252;137;115;90;36;54
344080.574831721;5483699.01871252;566209;Otov;3202;Domažlice;98;51;47;13;5;8;71;39;32;14;7;7
408720.700999362;5571083.43582577;566217;Hřivice;4207;Louny;616;313;303;81;35;46;410;221;189;125;57;68
417926.5618641;5576584.49159767;566233;Chlumčany;4207;Louny;547;274;273;75;38;37;375;196;179;97;40;57
419345.99500911;5585068.97371615;566241;Chožov;4207;Louny;552;293;259;77;38;39;402;220;182;73;35;38
340968.249942142;5484061.88964839;566250;Vlkanov;3202;Domažlice;128;63;65;29;17;12;80;39;41;19;7;12
335618.261362039;5487423.06038979;566276;Hora Svatého Václava;3202;Domažlice;68;29;39;6;1;5;42;18;24;20;10;10
424849.565871503;5585253.15056042;566284;Koštice;4207;Louny;586;301;285;61;30;31;396;209;187;129;62;67
336062.59462868;5483592.29776707;566292;Mnichov;3202;Domažlice;221;115;106;47;25;22;135;69;66;39;21;18
382525.347371886;5568170.60419193;566306;Krásný Dvůr;4210;Podbořany;693;352;341;81;49;32;479;246;233;133;57;76
389508.065113826;5557674.59283227;566314;Kryry;4210;Podbořany;2360;1168;1192;361;168;193;1555;816;739;444;184;260
411276.049873693;5582180.31524139;566322;Lenešice;4207;Louny;1488;720;768;266;127;139;971;484;487;251;109;142
338513.148874443;5486077.23729199;566331;Hvožďany;3202;Domažlice;31;12;19;2;0;2;25;11;14;4;1;3
417393.834275811;5589433.20923271;566349;Libčeves;4207;Louny;945;493;452;159;80;79;648;349;299;138;64;74
401371.899670497;5570396.70375162;566357;Liběšice;4216;Žatec;746;386;360;126;65;61;492;263;229;128;58;70
364699.621576129;5487619.79468886;566365;Poděvousy;3204;Horšovský Týn;250;137;113;37;19;18;169;98;71;44;20;24
348051.079749618;5472354.74636717;566373;Pelechy;3202;Domažlice;76;39;37;9;4;5;55;30;25;12;5;7
394719.689209764;5567730.77562335;566381;Libořice;4216;Žatec;348;186;162;56;29;27;231;129;102;61;28;33
401911.560343697;5533537.64659006;566390;Hlince;3206;Kralovice;68;34;34;6;1;5;50;27;23;12;6;6
406319.902862464;5573516.40218851;566403;Lipno;4216;Žatec;507;250;257;73;27;46;369;195;174;65;28;37
403376.76499027;5578243.49505961;566411;Lišany;4216;Žatec;154;82;72;26;15;11;105;55;50;23;12;11
374769.711116366;5530512.33182649;566420;Líté;3206;Kralovice;212;108;104;25;13;12;148;75;73;39;20;19
379622.489015768;5554865.57014191;566438;Lubenec;4210;Podbořany;1424;719;705;189;95;94;926;481;445;309;143;166
377237.342950473;5528972.65475804;566446;Loza;3206;Kralovice;252;135;117;34;17;17;180;100;80;38;18;20
397752.276670921;5565411.14840327;566454;Měcholupy;4216;Žatec;994;535;459;137;79;58;679;371;308;178;85;93
361613.331355478;5504465.65034947;566462;Lochousice;3208;Nýřany;119;63;56;16;7;9;85;44;41;18;12;6
397831.010461537;5532569.03812712;566471;Bohy;3206;Kralovice;128;64;64;24;13;11;67;31;36;37;20;17
396663.020225265;5534556.70364316;566489;Brodeslavy;3206;Kralovice;70;34;36;6;4;2;44;21;23;20;9;11
398612.700154318;5535456.12036041;566497;Všehrdy;3206;Kralovice;54;28;26;10;5;5;35;19;16;9;4;5
379397.773479588;5563896.19513647;566501;Nepomyšl;4210;Podbořany;389;197;192;77;37;40;248;134;114;64;26;38
390267.963392832;5577072.7055267;566519;Nové Sedlo;4216;Žatec;542;287;255;96;45;51;366;203;163;80;39;41
389806.653241273;5561744.24516582;566527;Očihov;4210;Podbořany;378;205;173;53;29;24;270;154;116;55;22;33
421980.303982617;5572158.16973513;566535;Panenský Týnec;4207;Louny;441;231;210;75;44;31;304;155;149;62;32;30
371576.103961025;5511988.96061843;566543;Myslinka;3208;Nýřany;188;98;90;34;12;22;135;80;55;19;6;13
426272.647503635;5577950.51099013;566551;Peruc;4207;Louny;2251;1150;1101;335;173;162;1472;778;694;444;199;245
389325.68017707;5554547.52707349;566560;Petrohrad;4210;Podbořany;643;329;314;105;51;54;424;225;199;114;53;61
407883.034076325;5567474.29343375;566578;Pnětluky;4207;Louny;353;169;184;45;18;27;250;127;123;58;24;34
421938.784016112;5582542.55825182;566586;Počedělice;4207;Louny;287;148;139;47;21;26;179;98;81;61;29;32
370874.024184594;5516428.27872825;566594;Újezd nade Mží;3208;Nýřany;98;56;42;19;12;7;62;37;25;17;7;10
375851.915725312;5563506.05079509;566608;Podbořanský Rohozec;4210;Podbořany;127;64;63;17;11;6;87;42;45;23;11;12
387626.937478924;5567430.11709237;566616;Podbořany;4210;Podbořany;6386;3092;3294;1086;537;549;4295;2157;2138;1005;398;607
407125.608143165;5578508.6167041;566624;Postoloprty;4207;Louny;4784;2424;2360;832;414;418;3210;1702;1508;742;308;434
397153.280721602;5536504.78771478;566632;Černíkovice;3206;Kralovice;72;35;37;7;4;3;56;27;29;9;4;5
362614.635857324;5487006.1564003;566641;Hlohovčice;3204;Horšovský Týn;169;86;83;17;9;8;109;62;47;43;15;28
413351.845307662;5585098.25460369;566659;Raná;4207;Louny;253;130;123;43;21;22;174;95;79;36;14;22
413030.342561634;5568420.98218687;566667;Ročov;4207;Louny;584;288;296;76;39;37;400;208;192;108;41;67
372972.534005189;5556188.16658686;566675;Vrbice;4103;Karlovy Vary;184;86;98;36;14;22;118;62;56;30;10;20
398400.210511373;5453818.27937651;566683;Dražovice;3214;Sušice;164;87;77;25;13;12;109;60;49;30;14;16
381435.888621142;5485737.81452949;566691;Vlčí;3210;Přeštice;61;26;35;8;3;5;35;14;21;18;9;9
406254.707857099;5497303.17539275;566705;Borovno;3201;Blovice;90;42;48;10;3;7;54;33;21;26;6;20
422318.056130579;5578960.3757152;566713;Slavětín;4207;Louny;526;267;259;85;37;48;357;192;165;84;38;46
417952.056300107;5573972.41823376;566721;Smolnice;4207;Louny;424;205;219;71;35;36;269;137;132;84;33;51
400529.459617789;5535846.25564219;566730;Holovousy;3206;Kralovice;61;27;34;5;1;4;37;17;20;19;9;10
401182.243679158;5537931.38692865;566748;Slatina;3206;Kralovice;66;35;31;8;5;3;37;18;19;21;12;9
372092.035962628;5513894.46991743;566756;Bdeněves;3208;Nýřany;662;347;315;123;72;51;445;234;211;94;41;53
359426.563716425;5530863.32636675;566764;Blažim;3208;Nýřany;64;34;30;11;7;4;39;19;20;14;8;6
384304.734264619;5546925.11279536;566781;Pastuchovice;3206;Kralovice;76;36;40;10;3;7;51;27;24;15;6;9
396140.923732378;5519138.23243281;566799;Všenice;3211;Rokycany;275;140;135;44;23;21;180;91;89;51;26;25
406321.469536151;5527822.3535372;566802;Terešov;3211;Rokycany;156;82;74;21;13;8;116;65;51;19;4;15
398837.30861017;5526136.43795971;566811;Kamenec;3211;Rokycany;61;33;28;13;7;6;41;23;18;7;3;4
420843.689050631;5574506.50399088;566829;Toužetín;4207;Louny;286;147;139;40;22;18;184;101;83;62;24;38
395519.380292306;5525953.8459176;566837;Němčovice;3211;Rokycany;154;81;73;30;15;15;107;55;52;17;11;6
402296.843356604;5522850.22734592;566845;Skomelno;3211;Rokycany;211;110;101;26;16;10;135;71;64;50;23;27
404019.810388661;5568539.516439;566853;Tuchořice;4216;Žatec;674;364;310;99;48;51;464;260;204;111;56;55
409051.529705811;5521994.50539628;566861;Plískov;3211;Rokycany;126;67;59;20;11;9;77;43;34;29;13;16
398298.015757829;5584138.71756017;566870;Velemyšleves;4216;Žatec;335;175;160;63;31;32;227;124;103;45;20;25
347112.815959443;5524016.59339484;566888;Olbramov;3213;Stříbro;50;28;22;3;2;1;33;20;13;14;6;8
420457.506947693;5577735.32785825;566896;Veltěže;4207;Louny;413;208;205;74;34;40;264;140;124;75;34;41
450799.061739471;5632714.78387193;566900;Růžová;4202;Děčín;487;255;232;73;41;32;333;175;158;81;39;42
416140.185278501;5569275.18951055;566918;Vinařice;4207;Louny;244;125;119;31;13;18;165;92;73;48;20;28
422612.410420126;5574892.76971185;566926;Vrbno nad Lesy;4207;Louny;183;105;78;19;11;8;135;77;58;29;17;12
382674.088044621;5559339.75211118;566934;Vroutek;4210;Podbořany;1815;928;887;265;134;131;1225;641;584;325;153;172
397366.071950998;5506441.43192462;566942;Raková;3211;Rokycany;232;114;118;40;19;21;161;82;79;31;13;18
405621.787708935;5584902.79618271;566951;Výškov;4207;Louny;492;248;244;86;48;38;333;169;164;73;31;42
389555.6532462;5535567.49182391;566969;Výrov;3206;Kralovice;455;243;212;63;38;25;305;165;140;87;40;47
412039.131741347;5571889.41629205;566977;Zbrašín;4207;Louny;337;169;168;42;20;22;230;120;110;65;29;36
395999.744285528;5575075.90979835;566985;Žatec;4216;Žatec;19271;9365;9906;3156;1593;1563;12722;6375;6347;3393;1397;1996
410531.035764396;5530766.29420383;566993;Ostrovec-Lhotka;3211;Rokycany;97;43;54;13;2;11;59;31;28;25;10;15
407293.21395795;5519977.38012469;567001;Lhota pod Radčem;3211;Rokycany;323;159;164;60;30;30;212;103;109;51;26;25
394529.146316299;5580637.41969271;567019;Žiželice;4216;Žatec;400;200;200;51;19;32;293;163;130;56;18;38
401793.384981298;5596724.71331455;567027;Most;4209;Most;67002;32816;34186;10175;5229;4946;45395;23008;22387;11432;4579;6853
408063.3784779;5589423.06538885;567043;Bečov;4209;Most;1475;732;743;262;132;130;1025;515;510;188;85;103
412230.103498056;5588748.04143923;567051;Bělušice;4209;Most;216;114;102;30;18;12;162;90;72;24;6;18
408358.597218943;5599585.61195462;567060;Braňany;4209;Most;1303;697;606;223;123;100;908;499;409;172;75;97
385807.777733454;5608957.00152381;567078;Brandov;4206;Litvínov;240;128;112;28;20;8;162;86;76;50;22;28
377791.181183345;5519174.46573998;567086;Příšov;3208;Nýřany;293;148;145;40;18;22;207;108;99;46;22;24
399706.563582018;5615484.58781661;567108;Český Jiřetín;4206;Litvínov;80;38;42;10;4;6;51;23;28;19;11;8
400161.68110888;5588034.14231341;567141;Havraň;4209;Most;703;403;300;94;50;44;522;314;208;87;39;48
388331.685269142;5606087.2534081;567167;Hora Svaté Kateřiny;4206;Litvínov;453;225;228;81;36;45;301;153;148;71;36;35
396068.88309731;5602236.52185362;567175;Horní Jiřetín;4206;Litvínov;2284;1181;1103;418;216;202;1508;813;695;358;152;206
397271.45179532;5610818.36273951;567191;Klíny;4206;Litvínov;119;61;58;16;9;7;85;43;42;18;9;9
408949.542564035;5593062.63656993;567221;Korozluky;4209;Most;205;104;101;39;20;19;141;75;66;25;9;16
402454.282884329;5589721.9641668;567248;Lišnice;4209;Most;210;113;97;21;11;10;152;83;69;37;19;18
400346.931012362;5604889.74116356;567256;Litvínov;4206;Litvínov;24485;12259;12226;3776;1935;1841;15881;8237;7644;4828;2087;2741
403975.687390608;5608419.74704213;567264;Lom;4206;Litvínov;3700;1891;1809;559;285;274;2555;1340;1215;586;266;320
403471.369357976;5604844.95746672;567272;Louka u Litvínova;4206;Litvínov;711;366;345;129;69;60;493;253;240;89;44;45
411177.707913168;5594453.2117546;567281;Lužice;4209;Most;618;347;271;71;31;40;448;265;183;99;51;48
398391.173486386;5592943.12491622;567299;Malé Březno;4209;Most;227;128;99;39;23;16;166;95;71;22;10;12
406077.138945023;5603353.76442027;567302;Mariánské Radčice;4206;Litvínov;481;269;212;92;62;30;340;186;154;49;21;28
400574.118717669;5609786.61302753;567311;Meziboří;4206;Litvínov;4705;2315;2390;632;328;304;3069;1601;1468;1004;386;618
392867.793224577;5606068.34922531;567329;Nová Ves v Horách;4206;Litvínov;466;226;240;64;32;32;323;159;164;79;35;44
407901.774048019;5596164.18756463;567337;Obrnice;4209;Most;2183;1165;1018;508;263;245;1467;798;669;208;104;104
408737.64007122;5595044.34671773;567345;Patokryje;4209;Most;446;212;234;75;27;48;320;161;159;51;24;27
404735.889049385;5588359.19596298;567353;Polerady;4209;Most;240;139;101;28;16;12;167;102;65;45;21;24
411750.681208861;5591835.75505798;567361;Skršín;4209;Most;235;119;116;27;13;14;158;81;77;50;25;25
410205.186705565;5597815.60132292;567426;Želenice;4209;Most;481;254;227;73;42;31;340;184;156;68;28;40
417121.070320182;5610561.09473243;567442;Teplice;4213;Teplice;49959;23955;26004;7749;4056;3693;32435;15964;16471;9775;3935;5840
411860.144631068;5601251.53647478;567451;Bílina;4201;Bílina;17112;9347;7765;2550;1317;1233;11880;6841;5039;2682;1189;1493
424806.59389832;5603590.25265273;567469;Bořislav;4213;Teplice;391;191;200;56;25;31;267;139;128;68;27;41
420193.668942737;5608405.08694472;567477;Bystřany;4213;Teplice;1898;944;954;253;135;118;1242;645;597;403;164;239
420080.123376879;5604750.99587333;567485;Bžany;4213;Teplice;872;455;417;131;75;56;613;326;287;128;54;74
414555.311403009;5616609.34008568;567507;Dubí;4213;Teplice;7979;4017;3962;1238;655;583;5279;2700;2579;1462;662;800
410379.318880981;5606286.4320789;567515;Duchcov;4213;Teplice;8335;4104;4231;1388;718;670;5461;2807;2654;1486;579;907
408497.269963068;5610621.35799282;567523;Háj u Duchcova;4213;Teplice;1176;604;572;207;105;102;819;431;388;150;68;82
415654.598778464;5604837.04606818;567531;Hostomice;4201;Bílina;1246;640;606;212;111;101;874;468;406;160;61;99
409463.015034341;5612843.25517335;567558;Hrob;4213;Teplice;2042;1028;1014;334;172;162;1360;705;655;348;151;197
416324.143676859;5597007.49734628;567566;Hrobčice;4201;Bílina;1294;747;547;174;88;86;967;585;382;153;74;79
411467.13103573;5609978.04029076;567582;Jeníkov;4213;Teplice;865;438;427;109;52;57;616;324;292;140;62;78
417373.659493372;5607243.39306222;567604;Kladruby;4213;Teplice;336;179;157;53;23;30;240;135;105;43;21;22
420412.359775141;5601007.00861621;567612;Kostomlaty pod Milešovkou;4213;Teplice;865;456;409;121;66;55;565;306;259;179;84;95
411443.543717199;5616484.6653294;567621;Košťany;4213;Teplice;3146;1506;1640;536;256;280;2086;1035;1051;524;215;309
420228.924583994;5617216.03152316;567639;Krupka;4213;Teplice;12955;6401;6554;2064;1064;1000;8873;4484;4389;2018;853;1165
412869.689016981;5608390.06829077;567647;Lahošť;4213;Teplice;612;300;312;97;48;49;413;203;210;102;49;53
412459.308403427;5604689.86287496;567655;Ledvice;4201;Bílina;539;266;273;94;46;48;371;189;182;74;31;43
415478.885812216;5593101.00901091;567698;Měrunice;4201;Bílina;317;158;159;42;15;27;228;126;102;47;17;30
409367.774574457;5617201.62679768;567701;Mikulov;4213;Teplice;239;118;121;47;29;18;152;69;83;40;20;20
421966.418764163;5610476.03695461;567710;Modlany;4213;Teplice;1046;532;514;198;106;92;700;358;342;148;68;80
406262.727422682;5617275.95242082;567728;Moldava;4213;Teplice;174;94;80;30;15;15;129;73;56;15;6;9
416503.74675434;5612674.74145559;567752;Novosedlice;4213;Teplice;2142;1094;1048;300;161;139;1476;776;700;366;157;209
417523.910590613;5605390.22400914;567761;Ohníč;4201;Bílina;761;367;394;127;53;74;491;245;246;143;69;74
405528.006899385;5611119.63450674;567779;Osek;4213;Teplice;4773;2365;2408;709;373;336;3134;1584;1550;930;408;522
417385.181497758;5614001.85451263;567787;Proboštov;4213;Teplice;2657;1339;1318;414;214;200;1829;952;877;414;173;241
422738.247909001;5606797.75057634;567809;Rtyně nad Bílinou;4213;Teplice;790;408;382;114;63;51;541;277;264;135;68;67
420621.941111018;5611807.07557908;567833;Srbice;4213;Teplice;369;189;180;77;37;40;235;124;111;57;28;29
416498.029930003;5602813.39584131;567841;Světec;4201;Bílina;1015;528;487;152;81;71;689;366;323;174;81;93
414116.815743906;5611360.61650467;567850;Újezdeček;4213;Teplice;899;453;446;155;86;69;612;314;298;132;53;79
414510.624968126;5606952.573687;567868;Zabrušany;4213;Teplice;1127;559;568;157;78;79;776;398;378;194;83;111
422783.550400221;5603336.53292967;567876;Žalany;4213;Teplice;506;257;249;82;42;40;346;181;165;78;34;44
426908.080377128;5603881.01343971;567884;Žim;4213;Teplice;168;92;76;23;15;8;126;70;56;19;7;12
432527.796829285;5605753.49935586;567931;Dolní Zálezly;4214;Ústí nad Labem;578;302;276;88;41;47;361;203;158;129;58;71
427984.435158117;5605903.11619898;567957;Habrovany;4214;Ústí nad Labem;223;116;107;39;23;16;157;81;76;27;12;15
442363.031898874;5609737.1740249;567973;Homole u Panny;4214;Ústí nad Labem;372;184;188;61;29;32;232;121;111;79;34;45
424771.187707151;5613133.66880999;568007;Chabařovice;4214;Ústí nad Labem;2501;1210;1291;414;198;216;1676;836;840;411;176;235
425215.635179548;5616909.75748524;568015;Chlumec;4214;Ústí nad Labem;4423;2215;2208;663;342;321;2993;1538;1455;767;335;432
434116.249322405;5616950.69263517;568023;Chuderov;4214;Ústí nad Labem;1028;522;506;196;101;95;712;368;344;120;53;67
431933.369131692;5622675.01784002;568058;Libouchec;4214;Ústí nad Labem;1798;924;874;263;129;134;1239;639;600;296;156;140
442668.224827772;5612991.89741027;568091;Malé Březno;4214;Ústí nad Labem;512;259;253;73;35;38;353;183;170;86;41;45
438575.893182731;5608017.52653944;568104;Malečov;4214;Ústí nad Labem;813;426;387;148;88;60;546;278;268;119;60;59
426125.109794644;5625019.29440871;568147;Petrovice;4214;Ústí nad Labem;910;492;418;171;92;79;647;355;292;92;45;47
439095.891115714;5616604.10977931;568155;Povrly;4214;Ústí nad Labem;2241;1128;1113;338;174;164;1462;759;703;441;195;246
748089.632999566;5515062.0373874;568163;Žermanice;8106;Frýdek-Místek;325;150;175;63;29;34;214;100;114;48;21;27
691902.961960839;5524498.14269058;568180;Kružberk;8122;Vítkov;254;137;117;31;20;11;174;98;76;49;19;30
693683.70501322;5522367.82624773;568198;Staré Těchanovice;8122;Vítkov;155;84;71;17;8;9;115;65;50;23;11;12
427200.311413444;5607087.16466481;568201;Řehlovice;4214;Ústí nad Labem;1399;714;685;230;124;106;928;489;439;241;101;140
733036.833267068;5538349.0184274;568210;Hať;8109;Hlučín;2571;1257;1314;391;202;189;1785;900;885;395;155;240
730754.648852513;5536500.01705488;568228;Darkovice;8109;Hlučín;1366;656;710;235;113;122;931;467;464;200;76;124
728013.751959241;5528965.84193184;568236;Děhylov;8109;Hlučín;710;356;354;112;50;62;459;240;219;139;66;73
728915.694371421;5537753.96005361;568244;Vřesina;8109;Hlučín;1602;760;842;290;130;160;1081;534;547;231;96;135
718002.367191548;5528053.60351543;568261;Budišovice;8117;Opava;706;347;359;142;65;77;484;251;233;80;31;49
699799.076240815;5528562.45395141;568279;Mikolajice;8117;Opava;286;147;139;52;25;27;202;107;95;32;15;17
439015.622586533;5607055.05347616;568287;Tašov;4214;Ústí nad Labem;152;78;74;21;11;10;109;56;53;22;11;11
425935.547167126;5620017.51218159;568295;Telnice;4214;Ústí nad Labem;723;375;348;113;51;62;488;257;231;122;67;55
431043.804764522;5626929.00897526;568309;Tisá;4214;Ústí nad Labem;921;483;438;158;94;64;630;332;298;133;57;76
699582.374531611;5522363.27349104;568317;Radkov;8122;Vítkov;492;242;250;84;41;43;314;164;150;94;37;57
702112.470509473;5528436.69457722;568333;Štáblovice;8117;Opava;650;336;314;114;63;51;450;240;210;86;33;53
704013.155962111;5530521.67786045;568341;Uhlířov;8117;Opava;335;166;169;48;21;27;239;125;114;48;20;28
439373.109706589;5612379.56463733;568350;Velké Březno;4214;Ústí nad Labem;2232;1080;1152;371;187;184;1453;734;719;408;159;249
713095.678592614;5524835.41017253;568368;Hlubočec;8117;Opava;588;302;286;101;50;51;389;208;181;98;44;54
719935.15687736;5544666.97252128;568376;Rohov;8113;Kravaře;589;285;304;93;50;43;407;203;204;89;32;57
444815.281093324;5611553.6187543;568384;Zubrnice;4214;Ústí nad Labem;246;133;113;35;20;15;162;88;74;49;25;24
674439.735107172;5493330.56400481;568392;Doloplazy;7107;Olomouc;1359;669;690;254;130;124;889;446;443;216;93;123
714250.121801313;5519956.1854327;568406;Slatina;8101;Bílovec;770;392;378;144;81;63;490;255;235;136;56;80
541867.158422136;5494083.09314974;568414;Havlíčkův Brod;6102;Havlíčkův Brod;23234;11298;11936;3430;1782;1648;15167;7592;7575;4637;1924;2713
719691.889332685;5514844.75072444;568422;Velké Albrechtice;8101;Bílovec;1093;551;542;172;91;81;755;387;368;166;73;93
728520.74815562;5492469.88176603;568431;Bordovice;8105;Frenštát pod Radhoštěm;612;309;303;104;57;47;405;206;199;103;46;57
720892.034951972;5522025.87096098;568449;Zbyslavice;8119;Ostrava;613;302;311;107;56;51;403;205;198;103;41;62
521271.678845288;5501224.88884733;568457;Bojiště;6111;Světlá nad Sázavou;270;142;128;37;18;19;180;99;81;53;25;28
543199.759370137;5516245.63228079;568465;Borek;6104;Chotěboř;126;66;60;17;10;7;82;44;38;27;12;15
724264.918577431;5500334.23899347;568473;Závišice;8112;Kopřivnice;1015;524;491;195;104;91;662;356;306;158;64;94
713163.784116312;5499979.08665357;568481;Bernartice nad Odrou;8115;Nový Jičín;975;509;466;169;92;77;649;347;302;157;70;87
543963.287005537;5504814.28691364;568490;Čachotín;6104;Chotěboř;183;93;90;23;12;11;126;65;61;34;16;18
550664.182989626;5499845.61978611;568503;Česká Bělá;6102;Havlíčkův Brod;1005;502;503;164;80;84;678;358;320;163;64;99
717405.296142391;5489816.99235518;568511;Hostašovice;8115;Nový Jičín;773;389;384;139;73;66;503;262;241;131;54;77
523784.24942942;5510962.69668836;568520;Číhošť;6111;Světlá nad Sázavou;326;172;154;38;18;20;226;130;96;62;24;38
549192.948486787;5491618.06886125;568538;Dlouhá Ves;6102;Havlíčkův Brod;432;210;222;82;41;41;281;140;141;69;29;40
715946.960226276;5503007.09900089;568546;Kunín;8115;Nový Jičín;1863;919;944;315;148;167;1282;658;624;266;113;153
721969.211245651;5498155.43753754;568554;Rybí;8115;Nový Jičín;1234;603;631;207;91;116;835;426;409;192;86;106
702221.95976129;5510192.14078105;568562;Heřmanice u Oder;8116;Odry;322;164;158;51;25;26;229;119;110;42;20;22
699586.20064124;5509874.97569576;568571;Heřmánky;8116;Odry;162;81;81;17;8;9;116;65;51;29;8;21
708756.568696133;5502431.30853348;568589;Mankovice;8116;Odry;588;285;303;83;37;46;428;218;210;77;30;47
543899.11846132;5500887.89932939;568597;Dolní Krupá;6102;Havlíčkův Brod;424;213;211;76;40;36;289;148;141;59;25;34
525210.054117998;5497533.53815633;568601;Dolní Město;6111;Světlá nad Sázavou;892;457;435;116;65;51;577;299;278;199;93;106
529678.420794077;5505165.79312623;568619;Druhanov;6111;Světlá nad Sázavou;151;70;81;22;11;11;111;52;59;18;7;11
533905.112898626;5517185.69525313;568635;Golčův Jeníkov;6102;Havlíčkův Brod;2632;1287;1345;392;194;198;1773;899;874;467;194;273
729535.599584555;5506285.61391855;568643;Kateřinice;8112;Kopřivnice;650;314;336;106;57;49;446;220;226;98;37;61
534139.848191834;5511055.03137997;568651;Habry;6102;Havlíčkův Brod;1309;676;633;207;108;99;854;456;398;248;112;136
556854.369927966;5498841.02055961;568660;Havlíčkova Borová;6102;Havlíčkův Brod;964;492;472;157;71;86;644;344;300;163;77;86
532038.488682733;5486497.32455619;568678;Herálec;6102;Havlíčkův Brod;1120;562;558;168;85;83;754;384;370;198;93;105
725261.427050343;5508472.52574592;568686;Mošnov;8112;Kopřivnice;756;391;365;137;76;61;483;260;223;136;55;81
514690.925632346;5503744.92328597;568694;Hněvkovice;6111;Světlá nad Sázavou;575;293;282;88;49;39;386;203;183;101;41;60
541962.367227648;5503199.71532048;568708;Horní Krupá;6102;Havlíčkův Brod;553;282;271;104;53;51;372;195;177;77;34;43
726434.636001601;5506031.93055031;568716;Skotnice;8112;Kopřivnice;788;388;400;141;65;76;521;263;258;126;60;66
521668.172016118;5506615.88112132;568724;Hradec;6111;Světlá nad Sázavou;239;121;118;31;18;13;164;81;83;44;22;22
724794.876146631;5494747.3208159;568732;Ženklava;8112;Kopřivnice;1084;562;522;197;115;82;728;374;354;159;73;86
723830.297543502;5510213.36496547;568741;Albrechtičky;8101;Bílovec;683;339;344;91;47;44;460;243;217;132;49;83
549294.775172341;5505753.05404742;568759;Chotěboř;6104;Chotěboř;9385;4614;4771;1354;671;683;6238;3197;3041;1793;746;1047
531487.562087123;5512722.26569171;568767;Chrtníč;6102;Havlíčkův Brod;120;60;60;14;8;6;80;41;39;26;11;15
717347.992004168;5508945.91137495;568775;Pustějov;8101;Bílovec;994;485;509;125;67;58;673;336;337;196;82;114
517393.392656101;5508566.2807308;568783;Jedlá;6111;Světlá nad Sázavou;79;41;38;14;6;8;50;28;22;15;7;8
749973.184492985;5514472.17602833;568791;Soběšovice;8106;Frýdek-Místek;877;422;455;111;55;56;589;295;294;177;72;105
546029.134937161;5516310.06321757;568805;Jeřišno;6104;Chotěboř;285;144;141;41;22;19;194;102;92;50;20;30
752030.087598846;5499989.55927089;568813;Pražmo;8106;Frýdek-Místek;911;436;475;123;62;61;619;312;307;169;62;107
537983.488640641;5508156.64597022;568821;Kámen;6102;Havlíčkův Brod;379;197;182;42;25;17;259;140;119;78;32;46
739548.021435085;5514974.91689214;568830;Řepiště;8106;Frýdek-Místek;1802;901;901;301;162;139;1166;588;578;335;151;184
519708.017539784;5498905.17035746;568848;Kamenná Lhota;6111;Světlá nad Sázavou;263;130;133;49;26;23;182;93;89;32;11;21
548439.987564932;5517131.80897687;568856;Klokočov;6104;Chotěboř;129;64;65;25;15;10;71;37;34;33;12;21
749659.040264875;5528877.38293552;568864;Doubrava;8118;Orlová;1220;623;597;168;86;82;875;457;418;177;80;97
662449.273200319;5486844.07248616;568872;Charváty;7107;Olomouc;860;431;429;161;77;84;577;303;274;122;51;71
546921.4039781;5500539.58574006;568881;Kojetín;6102;Havlíčkův Brod;159;81;78;11;4;7;112;61;51;36;16;20
520507.045396448;5509892.53396695;568899;Kozlov;6111;Světlá nad Sázavou;151;78;73;26;14;12;88;49;39;37;15;22
517712.731554211;5502906.01049931;568902;Kožlí;6111;Světlá nad Sázavou;806;419;387;109;64;45;549;295;254;148;60;88
644320.982489052;5506530.7859057;568911;Měrotín;7105;Litovel;270;132;138;43;19;24;178;89;89;49;24;25
533209.383679414;5494562.43976889;568929;Krásná Hora;6102;Havlíčkův Brod;525;261;264;77;37;40;344;177;167;104;47;57
549481.874002751;5497357.75977271;568937;Krátká Ves;6102;Havlíčkův Brod;141;76;65;14;8;6;92;53;39;35;15;20
560290.35191286;5503205.7948508;568945;Krucemburk;6104;Chotěboř;1580;806;774;222;111;111;1030;554;476;328;141;187
536388.530632933;5490347.55882843;568953;Květinov;6102;Havlíčkův Brod;237;130;107;33;20;13;156;88;68;48;22;26
643618.771095307;5500040.37797838;568961;Vilémov;7105;Litovel;432;225;207;57;41;16;291;149;142;84;35;49
526418.234541799;5509627.82280438;568970;Kynice;6111;Světlá nad Sázavou;86;42;44;13;6;7;50;25;25;23;11;12
519620.011147635;5505485.82066257;568988;Ledeč nad Sázavou;6111;Světlá nad Sázavou;5299;2591;2708;634;305;329;3443;1773;1670;1222;513;709
538800.663278532;5512192.30301308;568996;Leškovice;6102;Havlíčkův Brod;76;31;45;9;3;6;51;23;28;16;5;11
659929.084650776;5507373.44957624;569003;Liboš;7107;Olomouc;639;317;322;105;54;51;418;218;200;116;45;71
527802.278339965;5512449.95856327;569011;Leština u Světlé;6111;Světlá nad Sázavou;578;293;285;68;37;31;402;209;193;108;47;61
552658.39120854;5511185.23721368;569020;Libice nad Doubravou;6104;Chotěboř;867;421;446;129;62;67;560;278;282;178;81;97
538631.136565981;5489161.31788419;569038;Lípa;6102;Havlíčkův Brod;1145;569;576;193;94;99;773;393;380;179;82;97
529747.950239056;5495747.16974614;569046;Lipnice nad Sázavou;6102;Havlíčkův Brod;662;343;319;92;56;36;446;236;210;124;51;73
656853.807107295;5511316.92865774;569054;Strukov;7110;Šternberk;142;74;68;12;7;5;95;47;48;35;20;15
536122.037707686;5501282.77990273;569062;Lučice;6102;Havlíčkův Brod;645;338;307;117;71;46;408;216;192;120;51;69
534190.312557378;5503687.99702099;569071;Malčín;6111;Světlá nad Sázavou;212;113;99;34;19;15;137;76;61;41;18;23
549842.631736469;5513132.61770494;569089;Maleč;6104;Chotěboř;673;329;344;87;41;46;441;225;216;145;63;82
695517.855648283;5525858.98590676;569097;Moravice;8122;Vítkov;226;120;106;19;8;11;161;92;69;46;20;26
716915.088796087;5548474.56237432;569101;Třebom;8113;Kravaře;227;126;101;26;14;12;164;101;63;37;11;26
721816.296307981;5523722.14298327;569119;Čavisov;8119;Ostrava;510;251;259;63;34;29;379;193;186;68;24;44
555921.986936743;5495741.55275457;569127;Modlíkov;6102;Havlíčkův Brod;167;88;79;31;14;17;108;58;50;28;16;12
670142.696805382;5481611.31221997;569135;Císařov;7109;Přerov;300;153;147;46;21;25;206;109;97;48;23;25
665259.842161157;5464976.87705452;569143;Křenovice;7109;Přerov;416;201;215;45;17;28;285;146;139;86;38;48
528765.121781845;5515145.78339437;569151;Nová Ves u Leštiny;6102;Havlíčkův Brod;120;58;62;26;13;13;70;35;35;24;10;14
546443.565620604;5511071.90678212;569160;Nová Ves u Chotěboře;6104;Chotěboř;564;287;277;91;43;48;366;196;170;107;48;59
685701.781901216;5492427.47617163;569178;Bohuslávky;7104;Lipník nad Bečvou;326;162;164;42;20;22;201;102;99;83;40;43
535301.932642854;5497581.14292043;569186;Okrouhlice;6102;Havlíčkův Brod;1321;649;672;225;111;114;857;434;423;239;104;135
680546.574625447;5483780.57034307;569194;Grymov;7109;Přerov;163;72;91;26;11;15;114;50;64;23;11;12
555513.790303809;5488737.2420931;569208;Olešenka;6102;Havlíčkův Brod;188;101;87;30;15;15;135;78;57;23;8;15
539305.070521448;5503474.02903985;569216;Olešná;6102;Havlíčkův Brod;334;170;164;68;33;35;215;112;103;51;25;26
554571.788555473;5501563.68603721;569224;Oudoleň;6104;Chotěboř;377;194;183;65;35;30;257;139;118;55;20;35
527431.668183324;5508001.68509226;569232;Ovesná Lhota;6111;Světlá nad Sázavou;185;97;88;36;22;14;113;60;53;36;15;21
524088.229679651;5505167.43627457;569241;Pavlov;6111;Světlá nad Sázavou;142;79;63;32;19;13;93;52;41;17;8;9
693655.055418637;5483796.81105144;569259;Dolní Nětčice;7104;Lipník nad Bečvou;255;124;131;32;14;18;160;86;74;63;24;39
686963.42061419;5485816.27306423;569267;Hlinsko;7104;Lipník nad Bečvou;224;108;116;36;18;18;149;76;73;39;14;25
695081.921033955;5483616.61607458;569275;Horní Nětčice;7104;Lipník nad Bečvou;219;115;104;28;15;13;152;82;70;39;18;21
688599.254042301;5484627.94991911;569283;Kladníky;7104;Lipník nad Bečvou;152;65;87;27;14;13;95;38;57;30;13;17
547294.636252824;5495397.10650762;569291;Pohled;6102;Havlíčkův Brod;767;372;395;129;61;68;467;239;228;171;72;99
635916.836635414;5533085.52933489;569305;Chromeč;7111;Šumperk;568;271;297;83;39;44;368;184;184;117;48;69
523693.228923494;5507480.04371401;569313;Prosíčka;6111;Světlá nad Sázavou;139;69;70;27;15;12;90;43;47;22;11;11
553449.447278566;5491535.33652263;569321;Přibyslav;6102;Havlíčkův Brod;4020;2007;2013;683;354;329;2640;1370;1270;697;283;414
647154.183604462;5561388.22630288;569330;Ostružná;7102;Jeseník;175;85;90;26;10;16;117;62;55;32;13;19
531212.752974923;5502306.02951891;569348;Příseka;6111;Světlá nad Sázavou;401;203;198;56;31;25;281;147;134;64;25;39
657652.485675407;5569709.61310473;569356;Česká Ves;7102;Jeseník;2407;1206;1201;383;185;198;1637;843;794;387;178;209
538946.5279312;5501081.36849501;569364;Radostín;6102;Havlíčkův Brod;161;88;73;29;16;13;104;60;44;28;12;16
630961.588316741;5520659.68194091;569372;Krchleby;7106;Mohelnice;182;94;88;19;10;9;126;71;55;37;13;24
632117.684689856;5517234.49419022;569381;Mírov;7106;Mohelnice;389;204;185;37;17;20;306;167;139;46;20;26
546037.00278234;5503543.21937583;569399;Rozsochatec;6102;Havlíčkův Brod;504;268;236;70;34;36;345;190;155;89;44;45
550367.50979574;5515550.55225355;569402;Rušinov;6104;Chotěboř;174;93;81;23;15;8;113;59;54;38;19;19
536927.234009914;5512964.13396301;569411;Rybníček;6102;Havlíčkův Brod;61;31;30;3;1;2;33;19;14;25;11;14
530089.127367509;5509463.31432414;569429;Sázavka;6111;Světlá nad Sázavou;325;169;156;51;25;26;216;121;95;58;23;35
639486.012478747;5542253.88319433;569437;Bratrušov;7111;Šumperk;619;327;292;101;60;41;415;220;195;103;47;56
645707.730508048;5538307.84772222;569445;Vikýřovice;7111;Šumperk;2363;1151;1212;379;197;182;1602;788;814;382;166;216
660721.534667797;5576488.07413374;569453;Velké Kunětice;7102;Jeseník;572;291;281;82;44;38;405;214;191;85;33;52
535012.998478471;5521274.94822896;569461;Skryje;6102;Havlíčkův Brod;182;96;86;25;14;11;123;68;55;34;14;20
537961.89891818;5504230.26726892;569470;Skuhrov;6102;Havlíčkův Brod;283;139;144;54;31;23;190;95;95;39;13;26
556561.414380002;5510517.69024233;569488;Slavíkov;6104;Chotěboř;294;152;142;31;17;14;182;106;76;81;29;52
707273.204389749;5478745.50764733;569496;Podolí;7210;Valašské Meziříčí;251;134;117;43;22;21;169;96;73;39;16;23
720381.407736077;5526595.46656819;569500;Horní Lhota;8119;Ostrava;809;404;405;117;65;52;573;281;292;119;58;61
555643.055872286;5505373.09902503;569518;Sobíňov;6104;Chotěboř;710;369;341;118;59;59;462;252;210;130;58;72
681622.56761707;5540213.64340186;569526;Milotice nad Opavou;8103;Bruntál;387;187;200;67;28;39;266;134;132;54;25;29
549949.614674343;5494978.94763341;569534;Stříbrné Hory;6102;Havlíčkův Brod;254;131;123;49;23;26;165;93;72;40;15;25
697966.47189321;5480779.009886;569542;Horní Újezd;7101;Hranice;437;227;210;52;30;22;276;155;121;109;42;67
681462.040258461;5544832.64980879;569551;Nové Heřminovy;8103;Bruntál;271;139;132;32;17;15;187;96;91;52;26;26
527456.886375147;5502609.17868738;569569;Světlá nad Sázavou;6111;Světlá nad Sázavou;6659;3294;3365;856;429;427;4636;2375;2261;1167;490;677
679404.188581988;5541952.26069311;569577;Oborná;8103;Bruntál;390;207;183;62;37;25;280;148;132;48;22;26
548276.820373821;5488324.23387763;569585;Šlapanov;6102;Havlíčkův Brod;806;400;406;135;69;66;507;262;245;164;69;95
542245.653638673;5483708.06906624;569593;Štoky;6102;Havlíčkův Brod;1877;948;929;377;197;180;1245;640;605;255;111;144
691857.576418593;5547082.23063521;569607;Býkov-Láryšov;8114;Krnov;153;67;86;31;8;23;102;51;51;20;8;12
535338.812156013;5506558.39332101;569615;Tis;6102;Havlíčkův Brod;364;174;190;62;32;30;229;108;121;73;34;39
523819.118736271;5500329.55611939;569623;Trpišovice;6111;Světlá nad Sázavou;153;78;75;22;13;9;98;52;46;33;13;20
739391.082427352;5509413.71442536;569631;Sviadnov;8106;Frýdek-Místek;1830;891;939;305;157;148;1196;599;597;329;135;194
542409.371230398;5512969.23734082;569640;Uhelná Příbram;6104;Chotěboř;503;256;247;71;49;22;313;163;150;119;44;75
536983.157577724;5484416.82460615;569658;Úsobí;6102;Havlíčkův Brod;670;327;343;74;40;34;441;223;218;155;64;91
714317.019568874;5506971.27614074;569666;Hladké Životice;8115;Nový Jičín;981;490;491;163;82;81;665;341;324;153;67;86
539975.26328384;5510240.33903362;569674;Vepříkov;6104;Chotěboř;331;143;188;38;11;27;216;100;116;77;32;45
538267.349431798;5498782.35787526;569682;Veselý Žďár;6102;Havlíčkův Brod;558;283;275;90;44;46;363;192;171;105;47;58
532429.013728262;5490630.03304964;569691;Věž;6102;Havlíčkův Brod;817;407;410;115;55;60;539;279;260;163;73;90
549662.667369806;5485549.83341875;569704;Věžnice;6105;Jihlava;420;212;208;62;26;36;272;148;124;86;38;48
538290.605392788;5516749.87587357;569712;Vilémov;6104;Chotěboř;990;490;500;124;60;64;622;329;293;244;101;143
523058.964464379;5503539.43802647;569721;Vilémovice;6111;Světlá nad Sázavou;243;122;121;48;21;27;160;82;78;35;19;16
525783.889835643;5507216.10031964;569739;Vlkanov;6111;Světlá nad Sázavou;54;29;25;9;5;4;38;21;17;7;3;4
707239.61595763;5514621.81493867;569747;Vrchy;8116;Odry;217;109;108;26;8;18;159;84;75;32;17;15
729364.719946318;5508664.60674307;569755;Trnávka;8112;Kopřivnice;739;380;359;122;64;58;499;263;236;118;53;65
672224.602358863;5488556.90921683;569771;Suchonice;7107;Olomouc;188;90;98;32;14;18;125;64;61;31;12;19
558945.319219996;5507452.57545775;569780;Ždírec nad Doubravou;6104;Chotěboř;3148;1546;1602;531;261;270;2003;1032;971;614;253;361
671193.552548784;5516015.92939527;569798;Horní Loděnice;7110;Šternberk;344;185;159;61;32;29;237;133;104;46;20;26
552718.387707117;5496013.53713904;569801;Žižkovo Pole;6102;Havlíčkův Brod;361;177;184;50;24;26;223;115;108;88;38;50
560206.317973365;5562090.23740387;569810;Hradec Králové;5205;Hradec Králové;92891;44572;48319;13346;6774;6572;58721;29199;29522;20824;8599;12225
542206.026135141;5560624.45263326;569828;Babice;5212;Nový Bydžov;192;103;89;18;12;6;140;81;59;34;10;24
540806.067764084;5561669.73086098;569836;Barchov;5212;Nový Bydžov;312;166;146;48;31;17;221;116;105;43;19;24
662897.816625714;5509729.26638572;569844;Lužice;7110;Šternberk;369;173;196;55;26;29;264;131;133;50;16;34
568171.912633948;5558981.3346107;569852;Běleč nad Orlicí;5205;Hradec Králové;318;159;159;47;22;25;221;114;107;50;23;27
552338.683387197;5573428.37529601;569861;Benátky;5205;Hradec Králové;113;61;52;19;13;6;79;42;37;15;6;9
566600.21996047;5563317.65479357;569879;Blešno;5205;Hradec Králové;406;208;198;73;35;38;266;142;124;67;31;36
543700.756145221;5560935.50221703;569887;Boharyně;5205;Hradec Králové;555;261;294;74;40;34;374;176;198;107;45;62
725973.511399019;5530296.84416254;569895;Dobroslavice;8109;Hlučín;745;360;385;105;53;52;488;239;249;152;68;84
708931.032710712;5530075.02988339;569909;Chvalíkovice;8117;Opava;679;339;340;118;65;53;452;230;222;109;44;65
565394.058212958;5568308.62846939;569917;Černilov;5205;Hradec Králové;2447;1202;1245;405;195;210;1708;852;856;334;155;179
562033.974407666;5574689.96970489;569925;Černožice;5205;Hradec Králové;1165;591;574;168;96;72;765;403;362;232;92;140
552002.280117542;5571268.02598702;569933;Čistěves;5205;Hradec Králové;170;83;87;34;16;18;122;61;61;14;6;8
565875.5321325;5565071.0369354;569941;Divec;5205;Hradec Králové;235;118;117;48;25;23;159;81;78;28;12;16
694598.476132622;5516989.39955226;569950;Čermná ve Slezsku;8122;Vítkov;382;193;189;80;34;46;257;138;119;45;21;24
545537.988638295;5555457.21588924;569968;Dobřenice;5205;Hradec Králové;581;291;290;94;47;47;379;200;179;108;44;64
549995.221085762;5570578.36694481;569976;Dohalice;5205;Hradec Králové;468;229;239;73;32;41;338;175;163;57;22;35
550436.693407724;5565321.47396212;569984;Dolní Přím;5205;Hradec Králové;677;343;334;108;64;44;439;222;217;130;57;73
558645.857726375;5575538.25967284;569992;Habřina;5205;Hradec Králové;308;152;156;58;28;30;200;101;99;50;23;27
528472.747292529;5567741.35620674;570001;Hlušice;5212;Nový Bydžov;744;373;371;92;53;39;528;272;256;124;48;76
550856.829984802;5573918.90265768;570010;Hněvčeves;5205;Hradec Králové;167;86;81;25;11;14;110;61;49;32;14;18
560646.885741046;5573518.49809628;570028;Holohlavy;5205;Hradec Králové;921;465;456;160;73;87;640;337;303;121;55;66
702870.641923841;5518023.31526829;570036;Větřkovice;8122;Vítkov;746;387;359;109;57;52;501;268;233;136;62;74
554311.789203394;5574870.80493079;570044;Hořiněves;5205;Hradec Králové;683;350;333;95;55;40;453;238;215;135;57;78
548657.474209841;5563397.3411397;570052;Hrádek;5205;Hradec Králové;191;103;88;20;13;7;136;74;62;35;16;19
702950.093461134;5491979.01233138;570061;Špičky;7101;Hranice;293;144;149;52;24;28;202;106;96;39;14;25
691009.999771219;5487559.95567785;570079;Týn nad Bečvou;7104;Lipník nad Bečvou;850;422;428;123;62;61;555;285;270;172;75;97
536912.756010209;5563980.40685704;570087;Humburky;5212;Nový Bydžov;392;197;195;63;39;24;266;139;127;63;19;44
633932.516370085;5533571.8423824;570095;Vyšehoří;7113;Zábřeh;231;116;115;47;24;23;152;78;74;32;14;18
532352.606517076;5555962.65245629;570109;Chlumec nad Cidlinou;5205;Hradec Králové;5412;2643;2769;800;393;407;3541;1794;1747;1071;456;615
641974.467912169;5558552.76480873;570117;Šléglov;7111;Šumperk;43;21;22;5;2;3;31;17;14;7;2;5
539158.819560977;5555013.94350496;570125;Chudeřice;5205;Hradec Králové;247;135;112;56;30;26;160;89;71;31;16;15
570832.632695151;5564365.72493238;570133;Jeníkovice;5205;Hradec Králové;481;247;234;100;54;46;307;161;146;74;32;42
627460.087550121;5529553.0395618;570141;Drozdov;7113;Zábřeh;351;167;184;61;25;36;225;114;111;65;28;37
540055.830848719;5555924.34387105;570150;Káranice;5205;Hradec Králové;218;105;113;38;17;21;155;78;77;25;10;15
534473.246299784;5551928.13792825;570168;Klamoš;5205;Hradec Králové;398;199;199;52;28;24;254;136;118;92;35;57
537875.720115694;5558694.08298011;570176;Kosice;5205;Hradec Králové;345;165;180;45;26;19;242;116;126;58;23;35
540124.112715862;5558687.2352489;570184;Kosičky;5205;Hradec Králové;354;182;172;46;27;19;235;119;116;73;36;37
539158.999780251;5568622.60057667;570192;Králíky;5212;Nový Bydžov;390;190;200;53;25;28;291;148;143;46;17;29
543201.856467864;5556322.01261794;570206;Kratonohy;5205;Hradec Králové;571;283;288;100;51;49;370;190;180;101;42;59
545286.933393633;5563373.2039382;570214;Kunčice;5205;Hradec Králové;330;161;169;61;31;30;209;105;104;60;25;35
567059.795699832;5572055.1915151;570222;Lejšovka;5205;Hradec Králové;211;109;102;36;17;19;137;76;61;38;16;22
549744.618228283;5557681.14531175;570231;Lhota pod Libčany;5205;Hradec Králové;949;471;478;167;84;83;643;323;320;139;64;75
548997.039192031;5560244.64322029;570249;Libčany;5205;Hradec Králové;885;449;436;138;79;59;613;305;308;134;65;69
570431.096313318;5566591.002853;570257;Libníkovice;5205;Hradec Králové;157;68;89;27;8;19;98;47;51;32;13;19
568311.984133685;5565423.68011501;570265;Librantice;5205;Hradec Králové;543;278;265;94;51;43;389;196;193;60;31;29
568502.997699084;5571438.08704235;570273;Libřice;5205;Hradec Králové;291;155;136;35;20;15;199;106;93;57;29;28
642573.743299698;5515494.85552542;570281;Stavenice;7106;Mohelnice;145;74;71;22;12;10;98;53;45;25;9;16
529561.736521244;5559218.39433667;570290;Lišice;5205;Hradec Králové;159;87;72;14;8;6;92;57;35;53;22;31
542994.328707393;5568569.34647791;570303;Lodín;5205;Hradec Králové;393;195;198;69;41;28;266;128;138;58;26;32
558558.977940466;5569799.79418389;570311;Lochenice;5205;Hradec Králové;593;301;292;100;50;50;405;212;193;88;39;49
527474.868442099;5556751.15167432;570320;Lovčice;5205;Hradec Králové;689;335;354;102;57;45;452;223;229;135;55;80
631493.865305544;5533980.64647269;570338;Zborov;7113;Zábřeh;217;103;114;37;17;20;145;69;76;35;17;18
720659.242332388;5467332.88422492;570346;Janová;7212;Vsetín;763;376;387;133;66;67;496;260;236;134;50;84
556410.480895213;5576638.70233221;570354;Lužany;5205;Hradec Králové;128;59;69;11;6;5;89;39;50;28;14;14
529959.31651834;5562177.67676925;570362;Lužec nad Cidlinou;5212;Nový Bydžov;489;247;242;65;30;35;318;173;145;106;44;62
718341.198344169;5465584.26914666;570371;Ústí;7212;Vsetín;625;305;320;87;44;43;424;212;212;114;49;65
538052.994085638;5562254.13683141;570397;Měník;5212;Nový Bydžov;608;315;293;100;55;45;402;211;191;106;49;57
536244.823601393;5559834.56208894;570401;Mlékosrby;5212;Nový Bydžov;242;123;119;37;24;13;152;75;77;53;24;29
548620.454861175;5569199.38627888;570419;Mokrovousy;5205;Hradec Králové;360;197;163;69;44;25;238;127;111;53;26;27
539503.584704567;5572344.03393423;570427;Myštěves;5212;Nový Bydžov;181;90;91;24;15;9;113;57;56;44;18;26
547399.178945668;5571338.63548712;570435;Mžany;5205;Hradec Králové;415;189;226;59;24;35;293;137;156;63;28;35
555657.66798549;5569594.71458557;570443;Neděliště;5205;Hradec Králové;347;178;169;58;35;23;235;122;113;54;21;33
545501.963872812;5566378.15094156;570451;Nechanice;5205;Hradec Králové;2304;1164;1140;371;201;170;1538;796;742;395;167;228
533052.797297197;5560405.22719576;570478;Nepolisy;5212;Nový Bydžov;962;479;483;164;85;79;629;322;307;169;72;97
535361.761609923;5555703.65015738;570494;Nové Město;5205;Hradec Králové;406;203;203;56;31;25;280;143;137;70;29;41
532881.653717793;5565001.74154712;570508;Nový Bydžov;5212;Nový Bydžov;7076;3433;3643;1003;489;514;4690;2389;2301;1383;555;828
536974.520696376;5574571.35507948;570516;Ohnišťany;5212;Nový Bydžov;306;156;150;33;17;16;206;117;89;67;22;45
531047.269726282;5554033.50723882;570524;Olešnice;5205;Hradec Králové;352;176;176;74;42;32;222;113;109;56;21;35
549331.771030137;5555071.74884725;570532;Osice;5205;Hradec Králové;481;236;245;81;41;40;318;159;159;82;36;46
547649.456327979;5554585.35848423;570541;Osičky;5205;Hradec Králové;150;75;75;23;9;14;104;53;51;23;13;10
541797.612076262;5571088.43729059;570567;Petrovice;5212;Nový Bydžov;278;132;146;45;21;24;184;87;97;49;24;25
536660.135612665;5556567.04957146;570575;Písek;5205;Hradec Králové;252;117;135;41;18;23;154;75;79;57;24;33
539630.659497145;5565482.52308062;570648;Prasek;5212;Nový Bydžov;610;322;288;86;49;37;413;222;191;111;51;60
552695.604777134;5557265.08384656;570656;Praskačka;5205;Hradec Králové;1060;519;541;154;69;85;746;375;371;160;75;85
557826.536566659;5567732.0848097;570672;Předměřice nad Labem;5205;Hradec Králové;1888;939;949;308;153;155;1296;665;631;284;121;163
529087.051757817;5555573.1715371;570681;Převýšov;5205;Hradec Králové;322;163;159;51;27;24;216;108;108;55;28;27
556624.527151264;5574081.33019722;570702;Račice nad Trotinou;5205;Hradec Králové;161;87;74;30;15;15;110;60;50;21;12;9
549453.550982304;5562063.66971861;570711;Radíkovice;5205;Hradec Králové;190;95;95;37;21;16;130;68;62;23;6;17
547252.115194119;5561907.83167923;570729;Radostov;5205;Hradec Králové;133;70;63;16;8;8;94;52;42;23;10;13
546530.623831031;5558835.65064034;570745;Roudnice;5205;Hradec Králové;652;327;325;114;64;50;437;219;218;101;44;57
508266.204851558;5577863.46944655;570753;Prodašice;2115;Mladá Boleslav;87;44;43;15;8;7;56;27;29;16;9;7
506804.280552981;5579657.36935792;570761;Ujkovice;2115;Mladá Boleslav;103;54;49;8;5;3;78;42;36;17;7;10
502838.41209475;5601411.68729655;570770;Loukov;2116;Mnichovo Hradiště;176;86;90;25;14;11;118;65;53;33;7;26
493637.803405501;5588775.20403207;570788;Bradlec;2115;Mladá Boleslav;1298;677;621;298;164;134;893;458;435;107;55;52
557000.616396943;5571464.23886675;570796;Sendražice;5205;Hradec Králové;424;231;193;71;43;28;291;159;132;62;29;33
561782.709766749;5569705.72142909;570800;Skalice;5205;Hradec Králové;604;313;291;101;59;42;426;220;206;77;34;43
490864.640739666;5585962.05667041;570818;Dalovice;2115;Mladá Boleslav;251;136;115;53;32;21;166;87;79;32;17;15
495901.207512215;5587484.86038554;570826;Kosmonosy;2115;Mladá Boleslav;4885;2594;2291;816;435;381;3187;1741;1446;882;418;464
536395.952102632;5569223.31786329;570834;Skřivany;5212;Nový Bydžov;1061;482;579;152;78;74;743;340;403;166;64;102
489967.340889976;5583604.34583783;570842;Vinec;2115;Mladá Boleslav;286;146;140;43;23;20;192;102;90;51;21;30
535252.859756899;5567538.2655018;570851;Sloupno;5212;Nový Bydžov;519;256;263;82;37;45;343;175;168;94;44;50
534570.346126252;5571790.2824545;570869;Smidary;5212;Nový Bydžov;1555;840;715;208;115;93;1011;561;450;336;164;172
560206.36219283;5571980.26978652;570877;Smiřice;5205;Hradec Králové;2859;1406;1453;426;234;192;1963;991;972;470;181;289
564596.733205931;5571667.56837763;570885;Smržov;5205;Hradec Králové;505;254;251;87;45;42;339;172;167;79;37;42
503428.938038038;5588374.82962326;570893;Obrubce;2115;Mladá Boleslav;202;106;96;40;19;21;127;70;57;35;17;18
549610.957076402;5573371.75042299;570907;Sovětice;5205;Hradec Králové;222;108;114;46;24;22;142;69;73;34;15;19
537957.092074257;5555381.55642706;570915;Stará Voda;5205;Hradec Králové;131;68;63;13;7;6;97;47;50;21;14;7
507212.627602215;5591397.99229296;570923;Přepeře;2115;Mladá Boleslav;123;69;54;15;10;5;78;43;35;30;16;14
552942.337802327;5562382.03942708;570931;Stěžery;5205;Hradec Králové;1898;953;945;342;168;174;1268;662;606;288;123;165
498231.782508888;5587052.9370835;570940;Dolní Stakory;2115;Mladá Boleslav;268;137;131;58;27;31;173;92;81;37;18;19
546235.208470703;5572914.57227999;570958;Stračov;5205;Hradec Králové;302;158;144;35;18;17;211;113;98;56;27;29
551265.372066329;5567886.02697822;570966;Střezetice;5205;Hradec Králové;371;178;193;61;29;32;257;128;129;53;21;32
498560.84681824;5582986.83189502;570974;Kolomuty;2115;Mladá Boleslav;326;159;167;65;34;31;220;108;112;41;17;24
482538.285167718;5566914.03515561;570982;Tuřice;2115;Mladá Boleslav;295;138;157;45;13;32;193;103;90;57;22;35
499780.546143727;5581010.39451026;570991;Ctiměřice;2115;Mladá Boleslav;138;68;70;29;13;16;89;46;43;20;9;11
547434.538032433;5556254.24060291;571008;Syrovátka;5205;Hradec Králové;410;217;193;62;34;28;281;152;129;67;31;36
538533.044748535;5573816.06782093;571016;Šaplava;5212;Nový Bydžov;112;58;54;14;8;6;73;41;32;25;9;16
551045.105084815;5562052.52682079;571024;Těchlovice;5205;Hradec Králové;361;187;174;49;29;20;237;126;111;75;32;43
501568.834650888;5577066.21028971;571032;Pěčice;2115;Mladá Boleslav;184;97;87;32;18;14;117;67;50;35;12;23
570618.606105704;5561773.16970941;571041;Třebechovice pod Orebem;5205;Hradec Králové;5774;2832;2942;965;504;461;3754;1883;1871;1055;445;610
549065.000598481;5567701.04019828;571059;Třesovice;5205;Hradec Králové;258;136;122;43;24;19;178;92;86;37;20;17
483911.918883602;5582584.46588586;571067;Doubravička;2115;Mladá Boleslav;139;78;61;26;15;11;91;51;40;22;12;10
480372.242421817;5586572.46881524;571075;Kluky;2115;Mladá Boleslav;70;26;44;12;3;9;39;15;24;19;8;11
530728.117894368;5570265.27153621;571083;Vinary;5212;Nový Bydžov;419;196;223;62;24;38;252;131;121;105;41;64
553392.497556292;5567761.05938743;571091;Všestary;5205;Hradec Králové;1732;853;879;293;137;156;1154;594;560;285;122;163
569606.014437123;5568881.82548478;571105;Výrava;5205;Hradec Králové;399;215;184;64;37;27;276;154;122;59;24;35
560025.108450324;5555929.39178322;571113;Vysoká nad Labem;5205;Hradec Králové;1575;781;794;336;163;173;1090;550;540;149;68;81
485522.514387176;5582809.99117365;571121;Niměřice;2115;Mladá Boleslav;294;148;146;33;16;17;195;106;89;66;26;40
534346.06235894;5562014.17632647;571130;Zachrašťany;5212;Nový Bydžov;222;105;117;46;21;25;134;64;70;42;20;22
487997.554022638;5583864.51537945;571148;Rokytovec;2115;Mladá Boleslav;147;82;65;24;15;9;97;57;40;26;10;16
483234.99924672;5578404.59904797;571156;Nemyslovice;2115;Mladá Boleslav;144;74;70;22;12;10;107;56;51;15;6;9
557361.838235988;5533670.84872089;571164;Chrudim;5304;Chrudim;23061;11231;11830;3466;1828;1638;15369;7677;7692;4226;1726;2500
504228.427250026;5579775.74243177;571172;Kobylnice;2115;Mladá Boleslav;155;80;75;38;17;21;109;59;50;8;4;4
543046.175732966;5519665.22247038;571181;Běstvina;5304;Chrudim;524;278;246;78;47;31;319;177;142;127;54;73
452215.023118287;5521419.54789824;571199;Bratřínov;2105;Černošice;179;82;97;34;12;22;121;59;62;24;11;13
550033.638968267;5522524.01647424;571202;Bojanov;5304;Chrudim;624;321;303;87;49;38;397;213;184;140;59;81
453252.599424799;5527743.08006992;571211;Klínec;2105;Černošice;653;313;340;134;75;59;412;192;220;107;46;61
566300.589725743;5536945.46584936;571229;Bořice;5304;Chrudim;161;91;70;22;13;9;100;60;40;39;18;21
538461.948003842;5528075.01719696;571237;Bousov;5304;Chrudim;210;107;103;29;14;15;148;79;69;33;14;19
552382.997813708;5534091.18560134;571245;Bylany;5304;Chrudim;420;230;190;85;56;29;288;156;132;47;18;29
560335.486400013;5519572.15979681;571253;Ctětín;5304;Chrudim;262;133;129;31;17;14;155;86;69;76;30;46
443096.318633521;5522253.51199011;571261;Kytín;2105;Černošice;521;255;266;95;49;46;301;156;145;125;50;75
567429.083612563;5535648.92717081;571270;Čankovice;5304;Chrudim;308;159;149;45;23;22;213;112;101;50;24;26
449438.84842243;5521845.43462022;571288;Zahořany;2105;Černošice;287;143;144;48;25;23;187;93;94;52;25;27
555957.022413541;5522266.01682027;571296;České Lhotice;5304;Chrudim;108;56;52;16;9;7;63;32;31;29;15;14
571328.111494481;5512328.46491128;571300;Dědová;5302;Hlinsko;130;71;59;14;5;9;85;50;35;31;16;15
446774.589968893;5534844.84004364;571318;Roblín;2105;Černošice;222;105;117;43;23;20;144;63;81;35;19;16
448734.500628603;5556476.32674887;571326;Lichoceves;2105;Černošice;385;194;191;87;47;40;261;134;127;37;13;24
446957.539535428;5557096.51677836;571334;Okoř;2105;Černošice;105;54;51;12;6;6;81;42;39;12;6;6
448550.466731889;5558523.63342045;571342;Svrkyně;2105;Černošice;293;143;150;45;23;22;194;98;96;54;22;32
452659.241131047;5557347.11341314;571351;Úholičky;2105;Černošice;772;391;381;139;75;64;517;265;252;116;51;65
566760.078752099;5509828.03165026;571377;Hamry;5302;Hlinsko;240;118;122;23;11;12;151;75;76;66;32;34
548319.741374127;5532482.0864742;571385;Heřmanův Městec;5304;Chrudim;4853;2322;2531;738;367;371;3097;1538;1559;1018;417;601
564774.367538961;5511729.56270481;571393;Hlinsko;5302;Hlinsko;9831;4804;5027;1425;760;665;6360;3223;3137;2046;821;1225
577756.02479541;5522210.57995809;571407;Hluboká;5304;Chrudim;192;98;94;25;9;16;132;77;55;35;12;23
491922.374391911;5520569.08233541;571415;Xaverov;2101;Benešov;55;33;22;8;5;3;37;23;14;10;5;5
423337.546165624;5569333.80426051;571423;Zichovec;2124;Slaný;124;62;62;14;9;5;80;37;43;30;16;14
429219.893516643;5573472.43116293;571431;Vrbičany;2124;Slaný;218;112;106;31;19;12;152;78;74;35;15;20
566127.132957412;5516179.01756903;571440;Holetín;5302;Hlinsko;778;400;378;98;55;43;554;298;256;126;47;79
563458.067437234;5531203.84803873;571458;Honbice;5304;Chrudim;159;85;74;14;8;6;105;60;45;40;17;23
566244.398829764;5525007.38608915;571466;Horka;5304;Chrudim;390;196;194;54;30;24;263;134;129;73;32;41
553682.393054797;5516984.44689255;571474;Horní Bradlo;5304;Chrudim;459;227;232;63;32;31;291;151;140;105;44;61
540843.86981263;5531069.86337514;571482;Hošťalovice;5304;Chrudim;137;73;64;25;12;13;81;45;36;31;16;15
566294.687174119;5534312.4643471;571491;Hrochův Týnec;5304;Chrudim;2071;1025;1046;371;194;177;1349;681;668;351;150;201
570767.695565796;5525772.80455546;571504;Hroubovice;5304;Chrudim;360;172;188;53;23;30;236;123;113;71;26;45
429920.290704069;5568049.59965522;571512;Kutrovice;2124;Slaný;111;56;55;20;10;10;72;34;38;19;12;7
430890.157414701;5568771.44294265;571521;Neprobylice;2124;Slaný;165;85;80;22;12;10;123;63;60;20;10;10
567960.574347928;5526640.21815955;571539;Chrast;5304;Chrudim;3115;1518;1597;484;249;235;2048;1034;1014;583;235;348
571681.342026784;5534365.58105514;571547;Chroustovice;5304;Chrudim;1292;623;669;211;106;105;851;424;427;230;93;137
423613.937298931;5566978.77732115;571555;Líský;2124;Slaný;87;42;45;16;8;8;49;24;25;22;10;12
574461.108990772;5531810.94853735;571563;Jenišovice;5304;Chrudim;411;215;196;54;24;30;276;154;122;81;37;44
570431.214473272;5509903.47803689;571571;Kameničky;5302;Hlinsko;797;396;401;142;65;77;535;282;253;120;49;71
570394.501237251;5513407.23717696;571580;Kladno;5302;Hlinsko;248;124;124;35;20;15;167;83;84;46;21;25
444004.332724795;5557615.04745464;571598;Zájezd;2109;Kladno;111;51;60;19;10;9;83;37;46;9;4;5
428784.535877032;5565666.44371862;571601;Libovice;2124;Slaný;368;182;186;84;38;46;236;122;114;48;22;26
561168.261660989;5532860.39190321;571610;Kočí;5304;Chrudim;623;307;316;104;50;54;440;217;223;79;40;39
546546.28095816;5529726.09136602;571628;Kostelec u Heřmanova Městce;5304;Chrudim;342;161;181;57;29;28;238;113;125;47;19;28
521419.887681816;5547753.56357579;571636;Němčice;2110;Kolín;359;177;182;73;33;40;225;115;110;61;29;32
484139.318800702;5538889.12230884;571644;Štíhlice;2122;Říčany;169;85;84;28;15;13;112;52;60;29;18;11
552980.014788678;5520127.48077864;571652;Krásné;5304;Chrudim;150;80;70;15;10;5;99;55;44;36;15;21
575277.792688615;5512841.17731935;571661;Krouna;5302;Hlinsko;1392;703;689;222;116;106;935;490;445;235;97;138
489665.477207678;5530718.35174972;571679;Oplany;2122;Říčany;99;44;55;13;7;6;70;30;40;16;7;9
499445.66964064;5540923.4212496;571687;Klášterní Skalice;2110;Kolín;145;76;69;32;13;19;90;53;37;23;10;13
579804.837812868;5524462.31005355;571695;Leština;5314;Vysoké Mýto;291;150;141;51;26;25;179;94;85;61;30;31
569297.603912989;5521838.9143224;571709;Leštinka;5304;Chrudim;151;72;79;18;4;14;104;56;48;29;12;17
492769.86656853;5543498.9409772;571717;Kšely;2106;Český Brod;244;114;130;37;15;22;160;76;84;47;23;24
554296.321079099;5521095.90035397;571725;Libkov;5304;Chrudim;81;40;41;7;4;3;53;27;26;21;9;12
552761.071470538;5523982.33881797;571733;Liboměřice;5304;Chrudim;146;80;66;26;16;10;97;50;47;23;14;9
522321.187867328;5523657.24865644;571741;Třebonín;2104;Čáslav;140;75;65;10;8;2;95;49;46;35;18;17
573236.530836024;5529899.52380385;571750;Lozice;5304;Chrudim;164;82;82;27;9;18;114;61;53;23;12;11
560166.502308246;5525587.48629713;571768;Lukavice;5304;Chrudim;867;425;442;149;74;75;579;294;285;139;57;82
574030.966198435;5526892.09373844;571776;Luže;5304;Chrudim;2517;1238;1279;376;193;183;1668;849;819;473;196;277
464694.610274106;5569440.10294346;571784;Libiš;2117;Neratovice;2157;1105;1052;298;158;140;1488;783;705;371;164;207
454852.861934548;5565704.93928621;571792;Kozomín;2111;Kralupy nad Vltavou;419;211;208;85;43;42;272;140;132;62;28;34
494262.862374764;5594164.05700313;571806;Nová Ves u Bakova;2115;Mladá Boleslav;284;136;148;44;21;23;187;91;96;53;24;29
486147.609068701;5573755.90063135;571814;Zdětín;2115;Mladá Boleslav;567;288;279;121;68;53;375;189;186;71;31;40
542917.814913912;5528111.00826599;571822;Míčov-Sušice;5304;Chrudim;272;147;125;23;11;12;166;94;72;83;42;41
562968.042785455;5521010.80863976;571831;Miřetice;5302;Hlinsko;1243;626;617;179;94;85;854;444;410;210;88;122
500122.797821473;5572923.2635005;571849;Chudíř;2115;Mladá Boleslav;198;98;100;37;19;18;124;61;63;37;18;19
552082.679902211;5526629.61885469;571857;Mladoňovice;5304;Chrudim;339;170;169;54;29;25;219;113;106;66;28;38
493817.447241123;5602625.60766485;571865;Mukařov;2116;Mnichovo Hradiště;177;77;100;23;10;13;116;53;63;38;14;24
550909.213744371;5529546.25554329;571873;Morašice;5304;Chrudim;704;343;361;122;69;53;453;221;232;129;53;76
494567.754099875;5605676.15195843;571881;Strážiště;2116;Mnichovo Hradiště;118;56;62;21;9;12;72;36;36;25;11;14
563584.735892355;5532914.04403762;571890;Nabočany;5304;Chrudim;132;59;73;24;12;12;86;39;47;22;8;14
543936.34811138;5531687.55202195;571903;Načešice;5304;Chrudim;584;300;284;102;50;52;386;204;182;96;46;50
558960.647567776;5522078.46405742;571911;Nasavrky;5304;Chrudim;1673;838;835;271;151;120;1102;555;547;300;132;168
581831.588537246;5522446.79457837;571920;Nové Hrady;5314;Vysoké Mýto;302;164;138;45;25;20;197;113;84;60;26;34
495912.196085886;5595249.05590355;571938;Ptýrov;2116;Mnichovo Hradiště;282;138;144;50;22;28;197;99;98;35;17;18
504825.42953505;5595474.71247547;571946;Branžež;2116;Mnichovo Hradiště;220;114;106;25;14;11;148;78;70;47;22;25
477427.748906857;5569003.57002964;571954;Sudovo Hlavno;2103;Brandýs nad Labem-Stará Boleslav;479;243;236;74;41;33;320;164;156;85;38;47
560737.436462329;5529652.64181924;571962;Orel;5304;Chrudim;778;404;374;124;68;56;513;269;244;141;67;74
484474.818386233;5585668.95936013;571971;Kováň;2115;Mladá Boleslav;145;73;72;26;18;8;96;44;52;23;11;12
508447.920040824;5592769.98935045;571989;Dobšín;2115;Mladá Boleslav;246;132;114;40;23;17;167;89;78;39;20;19
495980.892778184;5602568.44020502;571997;Neveklovice;2116;Mnichovo Hradiště;72;38;34;13;7;6;46;24;22;13;7;6
577388.280494699;5519568.36254141;572004;Perálec;5304;Chrudim;234;119;115;28;14;14;157;85;72;49;20;29
483926.386202785;5584314.89022081;572012;Kovanec;2115;Mladá Boleslav;115;63;52;10;4;6;81;46;35;24;13;11
478181.663729219;5587468.42636911;572021;Vrátno;2115;Mladá Boleslav;155;92;63;21;9;12;116;73;43;18;10;8
538728.776859312;5531826.41955014;572039;Podhořany u Ronova;5304;Chrudim;271;137;134;32;10;22;173;97;76;66;30;36
526874.409826971;5594113.46280111;572047;Kyje;5207;Jičín;63;29;34;12;7;5;32;12;20;19;10;9
571588.892832355;5516674.66417619;572063;Pokřikov;5302;Hlinsko;255;131;124;38;27;11;174;86;88;43;18;25
545321.151398967;5527101.50779671;572071;Prachovice;5304;Chrudim;1402;716;686;235;117;118;992;530;462;175;69;106
579648.460021536;5516420.7889538;572080;Proseč;5304;Chrudim;2087;1050;1037;294;156;138;1376;718;658;417;176;241
568661.827671005;5520142.39127547;572098;Prosetín;5304;Chrudim;789;383;406;130;73;57;540;268;272;119;42;77
573794.048763883;5519815.67026651;572101;Předhradí;5304;Chrudim;418;211;207;51;22;29;287;154;133;80;35;45
567099.404573355;5532309.04215992;572110;Přestavlky;5304;Chrudim;216;120;96;19;8;11;163;93;70;34;19;15
531280.183411249;5579215.39494681;572128;Vrbice;5207;Jičín;145;74;71;24;11;13;83;44;39;38;19;19
527112.959686687;5573976.33220093;572136;Kozojedy;5207;Jičín;200;102;98;32;17;15;134;71;63;34;14;20
527536.242342808;5570578.23809567;572144;Sekeřice;5207;Jičín;115;62;53;12;8;4;70;37;33;33;17;16
569059.877047222;5516323.82366602;572152;Raná;5302;Hlinsko;382;196;186;64;39;25;242;124;118;76;33;43
538754.133419563;5524454.54849209;572161;Ronov nad Doubravou;5304;Chrudim;1684;813;871;235;120;115;1118;563;555;331;130;201
569476.104492839;5530364.51877113;572179;Rosice;5304;Chrudim;1356;688;668;226;125;101;925;474;451;205;89;116
524608.420873199;5573312.96772778;572187;Slavhostice;5207;Jičín;127;66;61;11;8;3;88;48;40;28;10;18
613017.223886417;5499648.04039565;572195;Želivsko;5312;Svitavy;30;15;15;5;2;3;18;11;7;7;2;5
577555.643003803;5529405.67557751;572209;Řepníky;5314;Vysoké Mýto;372;200;172;39;23;16;263;144;119;70;33;37
565603.15120499;5529916.3753696;572217;Řestoky;5304;Chrudim;492;249;243;82;48;34;316;157;159;94;44;50
546962.561331067;5521125.67982714;572225;Seč;5304;Chrudim;1680;867;813;210;120;90;1114;594;520;356;153;203
589190.785849176;5527869.00608564;572233;Řídký;5307;Litomyšl;67;35;32;5;4;1;48;24;24;14;7;7
572594.824520063;5521761.32327551;572241;Skuteč;5304;Chrudim;5055;2486;2569;710;349;361;3363;1727;1636;982;410;572
629284.75255284;5501925.61418372;572250;Březinky;5308;Moravská Třebová;131;65;66;20;10;10;93;47;46;18;8;10
557893.32427377;5528504.57222707;572268;Slatiňany;5304;Chrudim;4198;2055;2143;640;314;326;2752;1392;1360;806;349;457
554856.872255589;5531718.68654425;572276;Sobětuchy;5304;Chrudim;920;477;443;186;93;93;645;343;302;89;41;48
631168.809939818;5504654.92017203;572284;Hartinkov;5308;Moravská Třebová;57;33;24;8;4;4;33;21;12;16;8;8
628853.827168347;5504642.57700951;572292;Vrážné;5308;Moravská Třebová;71;41;30;9;6;3;47;27;20;15;8;7
575772.412931433;5535898.47234194;572306;Stradouň;5314;Vysoké Mýto;205;109;96;34;22;12;124;66;58;47;21;26
576833.285103125;5526431.7559224;572314;Střemošice;5304;Chrudim;175;84;91;16;9;7;117;61;56;42;14;28
565169.432159575;5507640.39029677;572322;Studnice;5302;Hlinsko;469;236;233;63;31;32;312;165;147;94;40;54
558353.153306132;5526098.33675767;572331;Svídnice;5304;Chrudim;439;234;205;65;35;30;295;158;137;79;41;38
575449.128782589;5508676.64130054;572349;Svratouch;5302;Hlinsko;870;424;446;137;69;68;569;291;278;164;64;100
587638.846963866;5518923.73179954;572357;Desná;5307;Litomyšl;335;173;162;63;37;26;208;106;102;64;30;34
589078.032544554;5516784.86703988;572365;Horní Újezd;5307;Litomyšl;421;210;211;75;37;38;260;137;123;86;36;50
586100.273220862;5516880.32949108;572373;Poříčí u Litomyšle;5307;Litomyšl;465;254;211;84;49;35;314;171;143;67;34;33
566529.864328606;5520382.80595108;572381;Tisovec;5302;Hlinsko;333;167;166;47;22;25;236;123;113;50;22;28
558277.015457809;5516112.25866779;572390;Trhová Kamenice;5302;Hlinsko;923;478;445;136;73;63;617;328;289;170;77;93
565479.276162344;5531968.51803416;572403;Trojovice;5304;Chrudim;197;100;97;36;20;16;126;66;60;35;14;21
542643.084539416;5524190.76026422;572411;Třemošnice;5304;Chrudim;3109;1585;1524;402;210;192;2139;1130;1009;568;245;323
560102.069064138;5536979.2073449;572420;Tuněchody;5304;Chrudim;625;301;324;104;51;53;408;205;203;113;45;68
583414.397391201;5521245.04148146;572438;Nová Ves u Jarošova;5307;Litomyšl;68;33;35;9;3;6;44;24;20;15;6;9
561899.728571521;5536603.98180152;572446;Úhřetice;5304;Chrudim;471;236;235;77;44;33;301;153;148;93;39;54
548139.676968343;5527115.82211945;572454;Vápenný Podol;5304;Chrudim;228;111;117;37;16;21;151;78;73;40;17;23
563758.036701099;5517575.27342502;572462;Včelákov;5302;Hlinsko;552;279;273;80;38;42;373;204;169;99;37;62
563209.725688779;5535590.65397825;572471;Vejvanovice;5304;Chrudim;328;175;153;50;28;22;225;122;103;53;25;28
576380.375574109;5534328.99789122;572489;Vinary;5314;Vysoké Mýto;124;63;61;24;13;11;75;38;37;25;12;13
563112.081057275;5511117.50495772;572497;Vítanov;5302;Hlinsko;448;225;223;60;29;31;301;158;143;87;38;49
570023.24251871;5514625.59845387;572501;Vojtěchov;5302;Hlinsko;416;216;200;68;42;26;264;141;123;84;33;51
627831.366080903;5500610.0105109;572519;Biskupice;5308;Moravská Třebová;437;219;218;66;31;35;293;154;139;78;34;44
568109.682714624;5506597.64383158;572527;Vortová;5302;Hlinsko;248;120;128;33;19;14;164;78;86;51;23;28
567096.647317991;5522170.24858854;572535;Vrbatův Kostelec;5304;Chrudim;340;178;162;54;26;28;214;119;95;72;33;39
560786.181265611;5511080.93346807;572543;Všeradov;5302;Hlinsko;144;76;68;12;6;6;87;50;37;45;20;25
559714.125718542;5513647.25988661;572551;Vysočina;5302;Hlinsko;694;348;346;87;45;42;459;232;227;148;71;77
604543.869987694;5502422.78846439;572560;Banín;5312;Svitavy;319;156;163;44;17;27;222;117;105;53;22;31
563669.654899379;5528010.67611446;572578;Zaječice;5304;Chrudim;1080;551;529;171;89;82;704;371;333;205;91;114
607214.750812003;5499514.46808239;572586;Bělá nad Svitavou;5312;Svitavy;518;254;264;92;47;45;325;167;158;101;40;61
603073.634541892;5516599.90061171;572594;Kukle;5312;Svitavy;79;35;44;15;5;10;53;25;28;11;5;6
589315.082033968;5526076.50646202;572608;Nová Sídla;5307;Litomyšl;221;101;120;35;13;22;142;66;76;44;22;22
590135.111201839;5526669.48536888;572616;Tržek;5307;Litomyšl;156;82;74;11;8;3;108;60;48;37;14;23
618875.846268855;5509528.84848176;572624;Útěchov;5308;Moravská Třebová;309;156;153;69;34;35;204;107;97;36;15;21
626668.538621986;5515760.11155989;572632;Borušov;5308;Moravská Třebová;174;88;86;24;11;13;126;70;56;24;7;17
562013.348213971;5524515.80614605;572641;Žumberk;5304;Chrudim;260;136;124;31;17;14;168;93;75;61;26;35
526868.629229127;5586599.82534191;572659;Jičín;5207;Jičín;16394;8022;8372;2487;1317;1170;10779;5426;5353;3128;1279;1849
542768.070112285;5575615.75803797;572667;Bašnice;5204;Hořice;200;105;95;28;16;12;129;69;60;43;20;23
520969.616174736;5572560.17612286;572675;Běchary;5207;Jičín;268;136;132;46;30;16;177;88;89;45;18;27
623992.973899973;5516572.4602619;572683;Dětřichov u Moravské Třebové;5308;Moravská Třebová;206;100;106;23;10;13;144;75;69;39;15;24
607187.91464288;5507406.64996461;572691;Hradec nad Svitavou;5312;Svitavy;1700;880;820;283;144;139;1087;586;501;330;150;180
549857.126801893;5579666.39448576;572705;Boháňka;5204;Hořice;229;114;115;31;12;19;152;80;72;46;22;24
602463.767241566;5515017.17145641;572713;Javorník;5312;Svitavy;385;185;200;63;25;38;263;135;128;59;25;34
606296.778226459;5517729.02990022;572721;Opatovec;5312;Svitavy;692;350;342;130;62;68;451;238;213;111;50;61
595154.663598937;5513336.60282445;572730;Chmelík;5307;Litomyšl;184;96;88;22;11;11;135;70;65;27;15;12
599104.685276311;5513060.81584962;572748;Karle;5312;Svitavy;400;200;200;57;25;32;281;146;135;62;29;33
545177.365740312;5585736.17733694;572756;Tetín;5204;Hořice;150;79;71;22;15;7;100;53;47;28;11;17
543477.835664836;5536577.10324991;572764;Chrtníky;5311;Přelouč;85;43;42;11;7;4;58;30;28;16;6;10
517321.791411509;5582950.77096931;572772;Bystřice;5207;Jičín;334;156;178;48;20;28;241;120;121;45;16;29
551046.563920448;5576342.8874756;572781;Cerekvice nad Bystřicí;5204;Hořice;780;378;402;130;67;63;533;266;267;117;45;72
564151.76581356;5546543.19025121;572799;Časy;5309;Pardubice;231;120;111;52;24;28;149;85;64;30;11;19
538546.538219661;5551814.85186945;572802;Malé Výkleky;5309;Pardubice;131;60;71;16;7;9;88;45;43;27;8;19
525718.88451208;5576365.19505821;572811;Češov;5207;Jičín;209;100;109;23;10;13;136;70;66;50;20;30
511358.712042224;5578716.34636729;572829;Dětenice;5207;Jičín;705;345;360;98;49;49;487;249;238;120;47;73
542870.944470193;5577546.21904275;572837;Dobrá Voda u Hořic;5204;Hořice;572;284;288;95;46;49;378;197;181;99;41;58
563301.465240967;5543446.29627605;572845;Lány u Dašic;5309;Pardubice;128;65;63;17;8;9;90;48;42;21;9;12
544461.349893115;5553365.07671581;572853;Pravy;5309;Pardubice;101;52;49;15;8;7;70;37;33;16;7;9
546416.962617247;5551314.98569866;572861;Křičeň;5309;Pardubice;254;127;127;34;16;18;166;86;80;54;25;29
557529.792866901;5549001.73787501;572870;Němčice;5309;Pardubice;590;317;273;141;82;59;421;222;199;28;13;15
561362.567741735;5551790.7065715;572888;Újezd u Sezemic;5309;Pardubice;172;87;85;27;11;16;119;66;53;26;10;16
548157.226241101;5544822.75973746;572896;Černá u Bohdanče;5309;Pardubice;429;207;222;71;36;35;306;149;157;52;22;30
521726.904419365;5589946.68411236;572900;Holín;5207;Jičín;590;314;276;84;48;36;406;222;184;100;44;56
540965.234430965;5580728.21293739;572918;Holovousy;5204;Hořice;514;259;255;69;32;37;346;185;161;99;42;57
545217.421240902;5580045.1529239;572926;Hořice;5204;Hořice;8583;4190;4393;1254;661;593;5516;2767;2749;1813;762;1051
552682.17817435;5549995.1208183;572934;Stéblová;5309;Pardubice;246;129;117;50;30;20;172;89;83;24;10;14
549883.593079263;5553008.81496216;572942;Plch;5309;Pardubice;102;52;50;21;13;8;62;30;32;19;9;10
553015.31171564;5553821.818341;572951;Podůlšany;5309;Pardubice;165;82;83;25;11;14;113;59;54;27;12;15
535334.753015365;5578707.69734702;572969;Chomutice;5204;Hořice;662;323;339;114;55;59;425;222;203;123;46;77
551994.969965126;5537842.23669224;572977;Dubany;5309;Pardubice;264;127;137;59;25;34;162;82;80;43;20;23
552700.841668811;5539014.66816618;572985;Třebosice;5309;Pardubice;215;110;105;45;29;16;144;69;75;26;12;14
548726.62743322;5576758.83929722;572993;Jeřice;5204;Hořice;388;187;201;59;29;30;273;130;143;56;28;28
522936.255261269;5579107.38118181;573001;Jičíněves;5207;Jičín;568;298;270;72;44;28;391;212;179;105;42;63
542065.807913659;5533501.21920954;573019;Holotín;5311;Přelouč;52;30;22;7;6;1;38;22;16;7;2;5
538443.41908733;5535436.911284;573027;Sovolusky;5311;Přelouč;136;72;64;22;15;7;96;50;46;18;7;11
535030.328131386;5539013.09948626;573035;Morašice;5311;Přelouč;87;43;44;8;3;5;54;29;25;25;11;14
522953.160555291;5593861.31174763;573043;Kněžnice;5207;Jičín;254;138;116;42;26;16;163;93;70;49;19;30
534509.5643235;5584187.35167775;573051;Konecchlumí;5207;Jičín;379;190;189;76;37;39;252;130;122;51;23;28
518113.324619473;5575524.34542566;573060;Kopidlno;5207;Jičín;2160;1074;1086;317;167;150;1452;754;698;391;153;238
546148.046443837;5547437.44466897;573078;Neratov;5309;Pardubice;170;85;85;29;12;17;118;59;59;23;14;9
539332.685282241;5576172.4547138;573086;Lískovice;5204;Hořice;218;107;111;42;24;18;138;68;70;38;15;23
541045.828830033;5587758.87461297;573094;Lázně Bělohrad;5207;Jičín;3728;1856;1872;568;304;264;2403;1236;1167;757;316;441
515381.232425315;5578437.7411374;573108;Libáň;5207;Jičín;1744;852;892;262;140;122;1152;579;573;330;133;197
511183.114317444;5593818.91645369;573116;Libošovice;5207;Jičín;507;250;257;80;36;44;319;172;147;108;42;66
520908.304120083;5593814.13457289;573124;Libuň;5207;Jičín;792;402;390;113;62;51;566;291;275;113;49;64
532026.95453291;5567394.27812181;573132;Starý Bydžov;5212;Nový Bydžov;396;194;202;54;24;30;252;130;122;90;40;50
543637.048873443;5583715.73746557;573141;Lukavec u Hořic;5204;Hořice;295;146;149;51;27;24;193;98;95;51;21;30
533935.855144778;5587214.48286287;573159;Lužany;5207;Jičín;600;301;299;100;54;46;408;210;198;92;37;55
514179.514934463;5585927.15645153;573167;Markvartice;5207;Jičín;470;236;234;66;33;33;303;160;143;101;43;58
547771.05944411;5584370.62423653;573175;Miletín;5204;Hořice;895;442;453;129;69;60;593;301;292;173;72;101
512483.416711721;5582982.01306771;573183;Zelenecká Lhota;5207;Jičín;159;85;74;25;12;13;114;61;53;20;12;8
549393.901508976;5572201.87664578;573191;Sadová;5205;Hradec Králové;315;146;169;39;19;20;200;99;101;76;28;48
516360.093061522;5592636.24892172;573205;Mladějov;5207;Jičín;508;255;253;58;36;22;332;172;160;118;47;71
537179.635481818;5584321.08343209;573213;Mlázovice;5207;Jičín;561;270;291;65;33;32;339;169;170;157;68;89
549709.724295185;5582702.00638264;573221;Rohoznice;5204;Hořice;313;151;162;52;22;30;212;106;106;49;23;26
525759.962464708;5581409.46745148;573230;Nemyčeves;5207;Jičín;331;157;174;55;22;33;231;118;113;45;17;28
537327.573078092;5592528.46330805;573248;Nová Paka;5210;Nová Paka;9208;4527;4681;1309;661;648;5976;3085;2891;1923;781;1142
540051.057799838;5583646.84333569;573256;Šárovcova Lhota;5207;Jičín;191;94;97;24;16;8;126;62;64;41;16;25
510390.323586647;5589874.93614496;573264;Osek;5207;Jičín;219;112;107;45;21;24;152;82;70;22;9;13
538911.950252758;5579356.78377024;573272;Ostroměř;5204;Hořice;1381;708;673;197;107;90;928;490;438;256;111;145
520281.327005108;5587646.73025142;573281;Ostružno;5207;Jičín;99;57;42;16;11;5;60;34;26;23;12;11
543644.098851314;5591661.85032543;573299;Pecka;5210;Nová Paka;1270;633;637;180;96;84;823;425;398;267;112;155
538610.241570817;5586434.20008338;573302;Svatojanský Újezd;5207;Jičín;108;55;53;16;8;8;71;39;32;21;8;13
536114.633533954;5581860.24929867;573311;Podhorní Újezd a Vojice;5204;Hořice;639;319;320;91;41;50;423;222;201;125;56;69
522706.727919077;5585801.55053853;573329;Podhradí;5207;Jičín;429;215;214;63;30;33;293;153;140;73;32;41
532141.241621522;5588878.34600794;573337;Dřevěnice;5207;Jičín;225;109;116;34;17;17;145;72;73;46;20;26
524302.189876408;5591415.68228728;573345;Podůlší;5207;Jičín;257;136;121;36;18;18;193;105;88;28;13;15
520574.862042605;5584598.11160603;573353;Bukvice;5207;Jičín;157;75;82;29;9;20;103;57;46;25;9;16
528660.456180403;5590576.89523693;573361;Soběraz;5207;Jičín;100;52;48;13;5;8;63;33;30;24;14;10
530109.604211602;5589978.19263916;573370;Radim;5207;Jičín;426;208;218;69;33;36;277;137;140;80;38;42
571771.776890581;5589100.69297011;573388;Litoboř;5209;Náchod;115;59;56;20;10;10;70;36;34;25;13;12
515416.330890527;5607357.5357843;573400;Loučky;5109;Turnov;157;84;73;27;16;11;98;51;47;32;17;15
537856.948549171;5602969.43498056;573418;Martinice v Krkonoších;5104;Jilemnice;608;314;294;108;57;51;404;207;197;96;50;46
611293.495795441;5521811.72099487;573426;Anenská Studánka;5306;Lanškroun;190;75;115;28;22;6;129;45;84;33;8;25
689898.889204323;5449527.23101294;573434;Lhota;7213;Zlín;859;440;419;149;81;68;580;306;274;130;53;77
516606.407714626;5589962.91526594;573442;Samšina;5207;Jičín;266;139;127;41;22;19;175;96;79;50;21;29
530358.664573809;5573339.69114066;573451;Sběř;5207;Jičín;258;133;125;41;17;24;164;89;75;53;27;26
527400.662395827;5579872.59924611;573469;Slatiny;5207;Jičín;537;262;275;77;50;27;336;173;163;124;39;85
536584.157027392;5580266.33833096;573477;Sobčice;5204;Hořice;290;152;138;42;20;22;201;112;89;47;20;27
561694.014599594;5440374.95410142;573485;Lesůňky;6113;Třebíč;87;45;42;9;8;1;55;30;25;23;7;16
513107.907222478;5589662.52395877;573493;Sobotka;5207;Jičín;2427;1178;1249;391;204;187;1548;778;770;488;196;292
533891.402335788;5595789.30920045;573507;Stará Paka;5210;Nová Paka;2081;1047;1034;316;151;165;1357;715;642;408;181;227
559193.92391193;5547292.46947817;573515;Kunětice;5309;Pardubice;319;175;144;49;26;23;227;131;96;43;18;25
534802.908347484;5575716.22987445;573523;Staré Smrkovice;5204;Hořice;277;140;137;52;25;27;178;93;85;47;22;25
544356.849497236;5559505.14536769;573531;Puchlovice;5205;Hradec Králové;123;56;67;15;7;8;74;34;40;34;15;19
518400.793049511;5584885.32774336;573540;Střevač;5207;Jičín;283;139;144;41;21;20;198;106;92;44;12;32
532104.414109424;5488291.48907745;573558;Boňkov;6102;Havlíčkův Brod;65;32;33;7;3;4;45;22;23;13;7;6
517214.896590753;5510943.13240127;573566;Bělá;6111;Světlá nad Sázavou;221;116;105;22;10;12;140;75;65;59;31;28
515838.088473944;5507027.12200853;573574;Chřenovice;6111;Světlá nad Sázavou;157;80;77;18;7;11;102;54;48;37;19;18
546554.640593929;5513596.83543184;573582;Víska;6104;Chotěboř;184;96;88;25;12;13;131;71;60;28;13;15
532961.307672027;5501000.38256221;573591;Pohleď;6111;Světlá nad Sázavou;72;31;41;10;4;6;36;18;18;26;9;17
531356.852876347;5503720.31689816;573604;Služátky;6111;Světlá nad Sázavou;163;81;82;29;13;16;97;51;46;37;17;20
546251.561829505;5576366.5877718;573612;Třebnouševes;5204;Hořice;297;145;152;46;19;27;198;104;94;53;22;31
550978.751154961;5559944.29304946;573621;Hvozdnice;5205;Hradec Králové;221;110;111;44;28;16;147;68;79;30;14;16
532698.151516344;5580583.65061728;573639;Třtěnice;5207;Jičín;338;165;173;56;30;26;223;112;111;59;23;36
529851.56553476;5582916.82609719;573647;Tuř;5207;Jičín;170;88;82;37;22;15;104;56;48;29;10;19
532832.500813814;5591630.23446675;573655;Úbislavice;5210;Nová Paka;423;216;207;73;37;36;269;140;129;81;39;42
518657.753208493;5579427.4805522;573663;Údrnice;5207;Jičín;281;125;156;44;13;31;171;84;87;66;28;38
548113.480435064;5587256.07461084;573671;Úhlejov;5204;Hořice;158;80;78;28;15;13;100;54;46;30;11;19
518940.903970655;5595250.25011769;573680;Újezd pod Troskami;5207;Jičín;330;166;164;35;17;18;220;115;105;75;34;41
531058.318803427;5586646.5243815;573698;Úlibice;5207;Jičín;284;141;143;50;24;26;190;99;91;44;18;26
527589.66382438;5589191.65117752;573701;Valdice;5207;Jičín;1423;735;688;205;112;93;980;517;463;238;106;132
541661.14870958;5566772.37449481;573710;Kobylice;5212;Nový Bydžov;271;132;139;67;28;39;178;93;85;26;11;15
522687.441372662;5583273.77506504;573728;Veliš;5207;Jičín;194;100;94;37;22;15;128;68;60;29;10;19
540630.927859478;5594785.37465062;573736;Vidochov;5210;Nová Paka;383;211;172;52;32;20;268;149;119;63;30;33
540756.876224213;5563976.76313135;573744;Zdechovice;5212;Nový Bydžov;165;88;77;17;9;8;122;67;55;26;12;14
526592.219735524;5582898.99066832;573752;Vitiněves;5207;Jičín;350;170;180;58;27;31;235;119;116;57;24;33
528095.710540473;5576067.12428535;573761;Volanice;5207;Jičín;229;124;105;31;18;13;157;88;69;41;18;23
553788.984394508;5571713.13025384;573779;Máslojedy;5205;Hradec Králové;215;107;108;37;14;23;140;75;65;38;18;20
548610.801894099;5535055.11821043;573787;Klešice;5304;Chrudim;390;193;197;81;39;42;269;143;126;40;11;29
523153.676963849;5574662.65142823;573795;Vršce;5207;Jičín;224;109;115;38;17;21;158;84;74;28;8;20
531360.137118664;5576028.80072334;573809;Vysoké Veselí;5207;Jičín;876;441;435;150;76;74;572;299;273;154;66;88
563786.70173331;5524265.24771155;573817;Smrček;5304;Chrudim;125;61;64;29;15;14;74;32;42;22;14;8
526136.819946097;5592093.94804457;573825;Železnice;5207;Jičín;1271;671;600;191;108;83;836;445;391;244;118;126
529356.853610365;5578136.25827099;573833;Žeretice;5207;Jičín;261;142;119;37;25;12;174;93;81;50;24;26
522538.02871354;5571411.99411373;573841;Židovice;5207;Jičín;125;62;63;15;5;10;84;44;40;26;13;13
527116.978897103;5572170.21280521;573850;Žlunice;5207;Jičín;242;115;127;30;14;16;151;74;77;61;27;34
583737.855122167;5585198.73751052;573868;Náchod;5209;Náchod;20267;9730;10537;3032;1593;1439;13089;6474;6615;4146;1663;2483
579473.957755223;5520516.32837196;573876;Zderaz;5304;Chrudim;275;139;136;39;18;21;188;101;87;48;20;28
586921.22142648;5595683.75033199;573884;Bezděkov nad Metují;5209;Náchod;519;272;247;81;46;35;348;187;161;90;39;51
577473.305716977;5573651.13628206;573892;Bohuslavice;5211;Nové Město nad Metují;1007;501;506;177;90;87;652;336;316;178;75;103
589207.489776414;5582197.75173413;573906;Borová;5209;Náchod;199;100;99;19;9;10;142;76;66;38;15;23
596036.492343012;5597601.16370241;573914;Božanov;5201;Broumov;360;185;175;63;36;27;240;119;121;57;30;27
595769.05452555;5606128.03131019;573922;Broumov;5201;Broumov;7604;3674;3930;1193;626;567;4925;2439;2486;1486;609;877
567760.357436391;5588881.71345154;573931;Brzice;5209;Náchod;225;116;109;39;21;18;136;75;61;50;20;30
536725.6112032;5524581.75299719;573949;Biskupice;5304;Chrudim;68;36;32;10;3;7;48;26;22;10;7;3
578207.350145142;5576230.60955382;573957;Černčice;5211;Nové Město nad Metují;484;240;244;72;40;32;327;163;164;85;37;48
577488.737566494;5591849.61067167;573965;Červený Kostelec;5209;Náchod;8428;4166;4262;1325;713;612;5290;2668;2622;1813;785;1028
587370.570147964;5583043.83582832;573973;Česká Čermná;5209;Náchod;499;231;268;66;26;40;353;175;178;80;30;50
582633.34768609;5600160.5645151;573981;Česká Metuje;5209;Náchod;297;150;147;59;26;33;176;95;81;62;29;33
574441.366602205;5583872.43925508;573990;Česká Skalice;5209;Náchod;5049;2454;2595;701;371;330;3352;1659;1693;996;424;572
537623.452094566;5523090.60294379;574007;Kněžice;5304;Chrudim;160;82;78;26;13;13;96;51;45;38;18;20
568486.386247521;5581772.77304121;574015;Dolany;5206;Jaroměř;674;337;337;108;60;48;434;221;213;132;56;76
581705.564425627;5587910.48442524;574023;Dolní Radechová;5209;Náchod;784;373;411;108;46;62;527;265;262;149;62;87
591954.198061374;5606199.89191455;574031;Hejtmánkovice;5201;Broumov;638;322;316;90;48;42;435;221;214;113;53;60
564777.740034221;5582442.7387666;574040;Heřmanice;5206;Jaroměř;427;214;213;83;39;44;273;141;132;71;34;37
593835.775052629;5610460.34909432;574058;Heřmánkovice;5201;Broumov;493;246;247;85;33;52;328;175;153;80;38;42
581539.356732354;5591018.4989048;574066;Horní Radechová;5209;Náchod;507;256;251;83;48;35;352;179;173;72;29;43
570555.987539844;5589186.64456739;574074;Hořičky;5209;Náchod;547;267;280;86;38;48;357;188;169;104;41;63
583096.840257492;5593731.13753273;574082;Hronov;5209;Náchod;6107;2962;3145;862;437;425;3801;1921;1880;1444;604;840
540302.702084526;5527171.92602282;574091;Žlebské Chvalovice;5304;Chrudim;106;51;55;14;5;9;58;32;26;34;14;20
573818.429958788;5536165.69992982;574104;Ostrov;5304;Chrudim;219;110;109;43;18;25;145;78;67;31;14;17
568649.536405555;5585240.40340277;574112;Chvalkovice;5206;Jaroměř;735;377;358;110;59;51;488;257;231;137;61;76
565531.292454197;5577477.86861041;574121;Jaroměř;5206;Jaroměř;12489;6111;6378;1972;991;981;8275;4214;4061;2242;906;1336
570658.197636891;5574404.04005529;574139;Jasenná;5206;Jaroměř;711;342;369;114;67;47;477;224;253;120;51;69
584484.441089333;5580004.79906138;574147;Jestřebí;5211;Nové Město nad Metují;166;89;77;21;14;7;114;60;54;31;15;16
588752.864985537;5606775.73822319;574155;Jetřichov;5201;Broumov;453;252;201;62;40;22;309;173;136;82;39;43
591153.02976259;5608965.9746781;574163;Hynčice;5201;Broumov;180;87;93;33;19;14;117;59;58;30;9;21
591661.492187877;5603021.01586916;574171;Křinice;5201;Broumov;430;225;205;82;43;39;268;147;121;80;35;45
571245.485857971;5586797.89731264;574180;Lhota pod Hořičkami;5209;Náchod;299;153;146;44;27;17;208;103;105;47;23;24
559031.45940485;5543585.88310832;574198;Spojil;5309;Pardubice;485;239;246;71;36;35;357;178;179;57;25;32
540112.734465751;5597645.09164142;574201;Horka u Staré Paky;5104;Jilemnice;259;134;125;48;29;19;163;87;76;48;18;30
590607.584338918;5595183.49735659;574210;Machov;5209;Náchod;1078;563;515;148;71;77;697;379;318;233;113;120
594384.759010042;5600281.88871957;574228;Martínkovice;5201;Broumov;519;272;247;69;39;30;347;188;159;103;45;58
569320.031602968;5590658.87215842;574236;Mezilečí;5209;Náchod;136;62;74;18;5;13;90;44;46;28;13;15
586422.291457548;5579271.12402705;574244;Mezilesí;5211;Nové Město nad Metují;229;123;106;30;16;14;154;87;67;45;20;25
588852.240195832;5611023.97858998;574252;Meziměstí;5201;Broumov;2482;1208;1274;337;166;171;1596;800;796;549;242;307
576646.393225884;5578377.7436626;574261;Nahořany;5211;Nové Město nad Metují;576;295;281;119;73;46;363;180;183;94;42;52
581388.638322087;5578257.36204488;574279;Nové Město nad Metují;5211;Nové Město nad Metují;9550;4610;4940;1320;670;650;6069;3048;3021;2161;892;1269
589083.112418712;5579892.75744873;574287;Nový Hrádek;5209;Náchod;822;393;429;161;70;91;534;267;267;127;56;71
567285.3770865;5574302.89729711;574295;Nový Ples;5206;Jaroměř;344;170;174;46;22;24;221;115;106;77;33;44
627283.982786116;5506232.72731547;574309;Bezděčí u Trnávky;5308;Moravská Třebová;213;107;106;26;12;14;138;71;67;49;24;25
598048.406444056;5601786.28307824;574317;Otovice;5201;Broumov;359;185;174;40;18;22;247;134;113;72;33;39
626215.848125938;5513543.93784968;574325;Gruna;5308;Moravská Třebová;186;94;92;29;13;16;125;70;55;32;11;21
626248.873522964;5511047.93355123;574333;Radkov;5308;Moravská Třebová;114;58;56;17;5;12;76;42;34;21;11;10
587669.044114844;5601105.13986119;574341;Police nad Metují;5209;Náchod;4172;2021;2151;648;339;309;2643;1323;1320;881;359;522
578462.268847748;5582223.03270181;574350;Provodov-Šonov;5211;Nové Město nad Metují;1225;631;594;221;121;100;827;427;400;177;83;94
583253.77838493;5580920.08756832;574368;Přibyslav;5211;Nové Město nad Metují;198;96;102;25;11;14;147;73;74;26;12;14
565256.910060553;5574997.34943054;574376;Rasošky;5206;Jaroměř;689;348;341;139;67;72;441;230;211;109;51;58
560636.318054962;5576800.75944215;574384;Rožnov;5206;Jaroměř;383;190;193;51;26;25;257;136;121;75;28;47
618492.944476872;5529358.2218074;574392;Sázava;5306;Lanškroun;572;293;279;99;55;44;387;193;194;86;45;41
569832.798086565;5579182.01441834;574406;Rychnovek;5206;Jaroměř;632;325;307;99;56;43;428;225;203;105;44;61
573519.482509194;5590131.02606222;574422;Slatina nad Úpou;5209;Náchod;301;153;148;42;19;23;189;101;88;70;33;37
574849.034477096;5575287.91355919;574431;Slavětín nad Metují;5211;Nové Město nad Metují;263;129;134;57;24;33;154;78;76;52;27;25
588666.591648269;5536891.71796304;574449;Kosořín;5314;Vysoké Mýto;159;83;76;33;15;18;107;57;50;19;11;8
585308.479449296;5577619.8679732;574457;Slavoňov;5211;Nové Město nad Metují;277;132;145;46;21;25;185;91;94;46;20;26
580932.745871304;5597517.24431865;574465;Stárkov;5209;Náchod;637;338;299;93;58;35;410;220;190;134;60;74
577438.442301778;5586357.09403149;574481;Studnice;5209;Náchod;1137;565;572;202;104;98;756;384;372;179;77;102
590726.076195828;5599167.81785867;574490;Suchý Důl;5209;Náchod;413;218;195;63;34;29;281;153;128;69;31;38
599380.229759197;5605675.2704216;574511;Šonov;5201;Broumov;298;152;146;56;29;27;192;96;96;50;27;23
581824.233674774;5606597.94624908;574538;Teplice nad Metují;5201;Broumov;1696;882;814;267;156;111;1068;569;499;361;157;204
579925.755856282;5586964.08034736;574546;Kramolna;5209;Náchod;1105;566;539;175;98;77;753;384;369;177;84;93
558737.456665074;5578084.24896848;574554;Velichovky;5206;Jaroměř;752;375;377;98;53;45;519;267;252;135;55;80
573700.544481169;5579273.08099079;574562;Velká Jesenice;5209;Náchod;750;369;381;117;55;62;491;259;232;142;55;87
584824.377957242;5596738.6899346;574571;Velké Petrovice;5209;Náchod;395;199;196;64;34;30;263;134;129;68;31;37
571542.290171768;5583232.4879545;574589;Velký Třebešov;5206;Jaroměř;327;175;152;61;33;28;212;118;94;54;24;30
555867.447448622;5579230.99995187;574597;Vilantice;5203;Dvůr Králové nad Labem;196;97;99;41;21;20;114;58;56;41;18;23
564210.172949404;5573588.60629966;574601;Vlkov;5206;Jaroměř;399;197;202;82;45;37;250;123;127;67;29;38
580029.619055373;5575445.1597985;574627;Vršovka;5211;Nové Město nad Metují;132;65;67;20;9;11;87;45;42;25;11;14
587148.900787991;5593364.2613064;574635;Vysoká Srbská;5209;Náchod;273;144;129;54;30;24;173;96;77;46;18;28
579530.283363987;5584263.00509683;574643;Vysokov;5209;Náchod;504;251;253;89;47;42;339;171;168;76;33;43
579755.223592234;5590091.52525659;574651;Zábrodí;5209;Náchod;539;280;259;102;61;41;356;184;172;81;35;46
562396.666468547;5579853.66063161;574660;Zaloňov;5206;Jaroměř;449;234;215;82;44;38;310;164;146;57;26;31
585437.308221224;5600227.8491086;574686;Žďár nad Metují;5209;Náchod;661;326;335;126;70;56;442;217;225;93;39;54
587216.213962012;5591326.91644929;574694;Žďárky;5209;Náchod;546;261;285;76;37;39;375;181;194;95;43;52
574772.802326803;5587305.18023454;574708;Žernov;5209;Náchod;261;137;124;51;24;27;175;94;81;35;19;16
548616.014527056;5538936.92514111;574724;Barchov;5309;Pardubice;188;96;92;24;10;14;139;77;62;25;9;16
546565.846922461;5539925.77989964;574741;Bezděkov;5309;Pardubice;302;156;146;55;31;24;200;102;98;47;23;24
548666.653279266;5548390.4630161;574767;Lázně Bohdaneč;5309;Pardubice;3458;1725;1733;502;264;238;2388;1220;1168;568;241;327
561276.1305834;5553729.3839974;574783;Borek;5309;Pardubice;257;127;130;36;14;22;186;100;86;35;13;22
539588.801875367;5539683.78634445;574791;Brloh;5311;Přelouč;229;113;116;27;14;13;156;78;78;46;21;25
540973.462600604;5545497.83046788;574805;Břehy;5311;Přelouč;997;510;487;134;74;60;660;337;323;203;99;104
559071.232160294;5552793.45526327;574813;Bukovina nad Labem;5309;Pardubice;222;107;115;33;14;19;148;74;74;41;19;22
540574.167476613;5532964.96344827;574821;Bukovina u Přelouče;5311;Přelouč;69;32;37;9;4;5;55;25;30;5;3;2
544791.483159639;5549775.05068239;574830;Bukovka;5309;Pardubice;388;186;202;63;27;36;263;135;128;62;24;38
566072.868642861;5554779.18893132;574848;Býšť;5303;Holice;1510;761;749;295;164;131;1034;519;515;181;78;103
554543.989353593;5552599.86533279;574856;Čeperka;5309;Pardubice;1090;527;563;165;75;90;745;368;377;180;84;96
551253.519890806;5537324.81078908;574864;Čepí;5309;Pardubice;437;232;205;75;42;33;298;162;136;64;28;36
564882.040802468;5542454.70863932;574899;Dašice;5309;Pardubice;2282;1158;1124;393;209;184;1557;802;755;332;147;185
549164.544601675;5551694.61866405;574902;Dolany;5309;Pardubice;389;201;188;70;38;32;261;140;121;58;23;35
570454.35354583;5542430.87965698;574911;Dolní Roveň;5303;Holice;1997;1016;981;310;163;147;1353;709;644;334;144;190
565837.163081752;5547781.03578762;574929;Dolní Ředice;5303;Holice;897;431;466;168;86;82;600;290;310;129;55;74
558409.595773453;5550702.02050882;574953;Dříteč;5309;Pardubice;423;212;211;92;43;49;274;140;134;57;29;28
530293.889908074;5546775.35401587;574961;Hlavečník;5311;Přelouč;285;138;147;40;19;21;180;91;89;65;28;37
571473.413500685;5547040.54516348;574988;Holice;5303;Holice;6514;3222;3292;1002;525;477;4219;2148;2071;1293;549;744
578939.693980362;5545427.96326963;574996;Horní Jelení;5303;Holice;2032;997;1035;337;184;153;1314;661;653;381;152;229
568164.921806197;5547625.64499606;575011;Horní Ředice;5303;Holice;1033;508;525;181;87;94;709;357;352;143;64;79
556114.570932195;5550659.99590011;575046;Hrobice;5309;Pardubice;209;99;110;35;15;20;136;67;69;38;17;21
544113.935302843;5537393.43816338;575054;Choltice;5311;Přelouč;1111;529;582;196;95;101;706;351;355;209;83;126
563155.810693187;5548366.66569783;575062;Choteč;5309;Pardubice;324;162;162;60;33;27;214;107;107;50;22;28
530785.406957693;5541557.435145;575071;Chvaletice;5311;Přelouč;3026;1473;1553;383;192;191;2120;1077;1043;523;204;319
566947.620279192;5551605.68953943;575089;Chvojenec;5303;Holice;748;398;350;128;68;60;509;282;227;111;48;63
539498.109750741;5553609.70749379;575097;Chýšť;5309;Pardubice;200;103;97;26;17;9;149;74;75;25;12;13
537670.566907691;5539186.00261367;575101;Jankovice;5311;Přelouč;325;158;167;58;28;30;203;104;99;64;26;38
577235.136710072;5541642.97469331;575119;Jaroslav;5303;Holice;223;103;120;35;14;21;157;75;82;31;14;17
542902.264892253;5538893.58840546;575127;Jedousov;5311;Přelouč;157;82;75;29;18;11;105;55;50;23;9;14
547649.62416948;5537119.88309539;575135;Jeníkovice;5311;Přelouč;246;132;114;44;21;23;161;92;69;41;19;22
549543.183291216;5537029.43067116;575143;Jezbořice;5309;Pardubice;359;180;179;39;19;20;260;138;122;60;23;37
543162.725415131;5552473.35439328;575151;Kasalice;5309;Pardubice;204;100;104;36;16;20;132;64;68;36;20;16
533771.797186528;5547071.46478902;575178;Kladruby nad Labem;5311;Přelouč;641;313;328;84;40;44;402;207;195;155;66;89
527841.303244106;5542566.81943372;575194;Kojice;5311;Přelouč;429;220;209;62;36;26;283;149;134;84;35;49
564726.777576903;5539339.96015173;575232;Kostěnice;5309;Pardubice;530;270;260;99;61;38;336;172;164;95;37;58
528843.477601864;5544516.78386083;575259;Labské Chrčice;5311;Přelouč;191;99;92;36;19;17;137;72;65;18;8;10
554158.112272097;5556156.88923903;575305;Libišany;5309;Pardubice;524;278;246;91;53;38;357;186;171;76;39;37
540110.34367033;5537162.66527338;575313;Lipoltice;5311;Přelouč;412;202;210;64;33;31;279;140;139;69;29;40
535842.89763565;5536995.80648826;575330;Litošice;5311;Přelouč;132;72;60;17;8;9;94;56;38;21;8;13
555656.319730637;5537669.57700802;575372;Mikulovice;5309;Pardubice;1197;597;600;206;102;104;815;417;398;176;78;98
540950.62677696;5540300.73911128;575381;Mokošín;5311;Přelouč;171;81;90;21;9;12;121;60;61;29;12;17
568535.14061848;5539175.43227118;575399;Moravany;5309;Pardubice;1841;876;965;244;119;125;1155;581;574;442;176;266
556572.086902652;5555310.41068753;575429;Opatovice nad Labem;5309;Pardubice;2531;1258;1273;463;223;240;1708;883;825;360;152;208
557949.582371435;5537964.19495878;575437;Ostřešany;5309;Pardubice;1064;522;542;163;82;81;718;354;364;183;86;97
574678.538925042;5544288.74183672;575445;Ostřetín;5303;Holice;943;462;481;154;77;77;610;317;293;179;68;111
573918.005062101;5550212.90315157;575461;Poběžovice u Holic;5303;Holice;251;133;118;49;29;20;156;79;77;46;25;21
541842.180213849;5537973.60463659;575470;Poběžovice u Přelouče;5311;Přelouč;90;47;43;14;9;5;52;26;26;24;12;12
540992.27404235;5542402.43852196;575500;Přelouč;5311;Přelouč;9127;4537;4590;1291;667;624;6139;3156;2983;1697;714;983
543781.988893948;5546948.98340821;575518;Přelovice;5311;Přelouč;217;115;102;37;23;14;141;74;67;39;18;21
536848.769965387;5550880.3785738;575526;Přepychy;5311;Přelouč;87;47;40;16;8;8;52;30;22;19;9;10
558003.711964606;5547541.85848154;575534;Ráby;5309;Pardubice;557;303;254;66;28;38;387;219;168;104;56;48
577094.779445004;5538408.38031699;575542;Radhošť;5314;Vysoké Mýto;166;85;81;22;12;10;103;50;53;41;23;18
543221.17100427;5550493.21701048;575551;Rohovládova Bělá;5309;Pardubice;589;280;309;100;47;53;374;185;189;115;48;67
546820.337357742;5552975.81486754;575569;Rohoznice;5309;Pardubice;253;126;127;31;18;13;172;88;84;50;20;30
562724.605798042;5550413.74322446;575577;Rokytno;5309;Pardubice;862;456;406;155;95;60;581;303;278;126;58;68
549968.539215391;5544699.44694902;575593;Rybitví;5309;Pardubice;1381;641;740;200;97;103;910;441;469;271;103;168
534846.326477626;5542935.11450075;575607;Řečany nad Labem;5311;Přelouč;1358;682;676;202;99;103;892;473;419;264;110;154
531301.24489958;5544470.09228256;575615;Selmice;5311;Přelouč;211;129;82;27;10;17;160;112;48;24;7;17
537495.370896785;5544869.31282985;575623;Semín;5311;Přelouč;576;279;297;73;27;46;386;201;185;117;51;66
561350.920597723;5546244.84926832;575640;Sezemice;5309;Pardubice;3728;1871;1857;623;329;294;2518;1292;1226;587;250;337
569262.260272009;5537527.66076992;575658;Slepotice;5309;Pardubice;445;228;217;66;39;27;302;161;141;77;28;49
539673.223854838;5548514.13468887;575666;Sopřeč;5311;Přelouč;286;150;136;45;21;24;193;109;84;48;20;28
553684.728094327;5548036.34438464;575682;Srch;5309;Pardubice;1554;761;793;322;163;159;1055;522;533;177;76;101
556358.812622849;5546798.55617247;575704;Staré Hradiště;5309;Pardubice;1774;905;869;338;183;155;1211;621;590;225;101;124
553902.742038135;5539399.56869229;575712;Staré Jesenčany;5309;Pardubice;394;199;195;77;39;38;261;133;128;56;27;29
551170.082470888;5552673.93063582;575721;Staré Ždánice;5309;Pardubice;708;380;328;115;72;43;493;266;227;100;42;58
551023.139930655;5539415.5232404;575739;Starý Mateřov;5309;Pardubice;591;309;282;116;59;57;401;222;179;74;28;46
544043.888292032;5533650.82266536;575755;Stojice;5311;Přelouč;208;103;105;27;13;14;143;74;69;38;16;22
537199.293738944;5547622.96297213;575763;Strašov;5311;Přelouč;325;158;167;52;24;28;215;110;105;58;24;34
545886.294744885;5535603.30874548;575771;Svinčany;5311;Přelouč;456;239;217;89;47;42;297;156;141;70;36;34
543193.732815024;5535064.24047577;575780;Svojšice;5311;Přelouč;259;128;131;45;25;20;181;90;91;33;13;20
530450.585810371;5549106.30073105;575810;Tetov;5311;Přelouč;153;86;67;15;6;9;95;58;37;43;22;21
575097.359908658;5539350.83571206;575828;Trusnov;5303;Holice;214;113;101;29;17;12;130;67;63;55;29;26
539938.728195536;5533931.16459441;575844;Turkovice;5311;Přelouč;273;133;140;44;19;25;171;88;83;58;26;32
578440.186193334;5540418.87466403;575861;Týnišťko;5314;Vysoké Mýto;162;82;80;21;8;13;122;67;55;19;7;12
573164.313275307;5538758.99991891;575879;Uhersko;5303;Holice;259;133;126;24;13;11;184;99;85;51;21;30
562905.949650756;5538431.45305079;575887;Úhřetická Lhota;5309;Pardubice;277;139;138;46;25;21;194;97;97;37;17;20
535373.321141638;5550248.22097532;575909;Újezd u Přelouče;5311;Přelouč;209;95;114;50;22;28;121;56;65;38;17;21
540464.792424616;5535617.2718684;575917;Urbanice;5311;Přelouč;66;36;30;2;2;0;47;26;21;17;8;9
544009.235007224;5541870.33884499;575925;Valy;5311;Přelouč;483;238;245;70;36;34;333;169;164;80;33;47
538058.231411205;5550414.64758786;575933;Vápno;5311;Přelouč;129;70;59;18;13;5;90;46;44;21;11;10
575612.17419808;5547498.76334358;575941;Veliny;5303;Holice;458;225;233;80;35;45;308;158;150;70;32;38
544561.338342908;5540102.06450548;575968;Veselí;5311;Přelouč;375;191;184;64;35;29;240;122;118;71;34;37
542376.640958286;5547965.61056981;575984;Vlčí Habřina;5309;Pardubice;303;142;161;40;15;25;200;98;102;63;29;34
540926.009949016;5552107.35120395;575992;Voleč;5309;Pardubice;351;173;178;55;32;23;223;109;114;73;32;41
570345.377376513;5552186.5551926;576000;Vysoké Chvojno;5303;Holice;407;200;207;70;31;39;247;129;118;90;40;50
541618.855578029;5549728.48819741;576018;Vyšehněvice;5311;Přelouč;237;112;125;32;15;17;168;85;83;37;12;25
534009.480136969;5540662.37176475;576026;Zdechovice;5311;Přelouč;623;323;300;95;54;41;423;224;199;105;45;60
539909.173958395;5550585.14381937;576042;Žáravice;5311;Přelouč;127;73;54;15;11;4;78;44;34;34;18;16
545982.987263863;5545153.79840714;576051;Živanice;5309;Pardubice;986;481;505;174;82;92;658;331;327;154;68;86
591660.886965755;5557895.52201417;576069;Rychnov nad Kněžnou;5213;Rychnov nad Kněžnou;11088;5294;5794;1673;829;844;7358;3624;3734;2057;841;1216
574358.795516367;5554762.55485948;576077;Albrechtice nad Orlicí;5208;Kostelec nad Orlicí;984;476;508;128;61;67;644;325;319;212;90;122
588012.362031064;5572494.20442799;576085;Bačetín;5202;Dobruška;399;218;181;69;46;23;264;145;119;66;27;39
609662.323853192;5561273.10548228;576093;Bartošovice v Orlických horách;5213;Rychnov nad Kněžnou;208;106;102;36;20;16;142;70;72;30;16;14
586518.320677032;5566056.67411642;576107;Bílý Újezd;5213;Rychnov nad Kněžnou;669;352;317;121;71;50;434;225;209;114;56;58
587107.568571806;5577361.1169307;576115;Bohdašín;5202;Dobruška;211;97;114;22;9;13;125;66;59;64;22;42
577326.465414476;5562423.49281499;576123;Bolehošť;5208;Kostelec nad Orlicí;535;277;258;73;33;40;353;194;159;109;50;59
578768.717784481;5550164.47255788;576131;Borohrádek;5208;Kostelec nad Orlicí;2116;1018;1098;327;166;161;1332;668;664;457;184;273
588618.250549227;5545859.59336919;576140;Borovnice;5208;Kostelec nad Orlicí;382;195;187;57;31;26;264;137;127;61;27;34
589743.25624214;5574950.57486847;576166;Bystré;5202;Dobruška;257;133;124;44;24;20;161;86;75;52;23;29
584548.292478847;5563154.95716078;576174;Byzhradec;5213;Rychnov nad Kněžnou;208;106;102;32;16;16;143;79;64;33;11;22
584179.432803961;5554192.9750312;576182;Častolovice;5208;Kostelec nad Orlicí;1683;872;811;289;155;134;1117;592;525;277;125;152
582417.784288376;5548121.60604391;576191;Čermná nad Orlicí;5208;Kostelec nad Orlicí;1001;494;507;155;72;83;641;329;312;205;93;112
585755.817862428;5560604.68955719;576204;Černíkovice;5213;Rychnov nad Kněžnou;748;376;372;134;69;65;483;254;229;131;53;78
573579.152424752;5570088.48728376;576212;České Meziříčí;5202;Dobruška;1857;906;951;350;175;175;1221;611;610;286;120;166
581635.681229247;5553162.13939247;576221;Čestice;5208;Kostelec nad Orlicí;572;281;291;96;49;47;389;194;195;87;38;49
596708.108619147;5573086.48092249;576247;Deštné v Orlických horách;5202;Dobruška;565;281;284;74;34;40;376;190;186;115;57;58
591213.149253439;5569912.43271024;576263;Dobré;5202;Dobruška;859;442;417;144;80;64;566;293;273;149;69;80
583390.151075676;5571609.22912344;576271;Dobruška;5202;Dobruška;6848;3312;3536;1043;528;515;4445;2209;2236;1360;575;785
592045.689209327;5575608.84726594;576280;Dobřany;5202;Dobruška;134;67;67;30;14;16;81;42;39;23;11;12
590017.507551339;5551241.28164374;576301;Doudleby nad Orlicí;5208;Kostelec nad Orlicí;1855;915;940;262;135;127;1222;614;608;371;166;205
590067.445571957;5547921.21049961;576310;Chleny;5208;Kostelec nad Orlicí;230;122;108;28;15;13;152;85;67;50;22;28
589215.405468738;5576864.9818836;576328;Janov;5202;Dobruška;112;53;59;25;14;11;61;30;31;26;9;17
596917.374952679;5558283.55307338;576336;Javornice;5213;Rychnov nad Kněžnou;1010;522;488;190;93;97;656;350;306;164;79;85
571983.58065938;5567148.2845828;576352;Jílovice;5205;Hradec Králové;308;165;143;50;25;25;212;115;97;46;25;21
585605.805426005;5551658.36321774;576361;Kostelec nad Orlicí;5208;Kostelec nad Orlicí;6184;2981;3203;963;468;495;3920;1958;1962;1301;555;746
585488.002592856;5546307.39872373;576387;Kostelecké Horky;5208;Kostelec nad Orlicí;138;72;66;21;14;7;90;48;42;27;10;17
591605.427996846;5573249.69610534;576395;Kounov;5202;Dobruška;251;127;124;45;18;27;165;89;76;41;20;21
570843.908346401;5571730.69868489;576409;Králova Lhota;5202;Dobruška;223;112;111;37;14;23;148;77;71;38;21;17
590372.342730593;5562827.50931827;576425;Kvasiny;5213;Rychnov nad Kněžnou;1486;824;662;188;98;90;1042;626;416;256;100;156
574332.125226197;5563357.66713559;576433;Ledce;5205;Hradec Králové;390;188;202;62;33;29;264;136;128;64;19;45
591180.255509486;5546003.48147505;576441;Lhoty u Potštejna;5213;Rychnov nad Kněžnou;307;160;147;55;30;25;201;110;91;51;20;31
597601.335027614;5565899.59357096;576450;Liberk;5213;Rychnov nad Kněžnou;710;370;340;120;65;55;500;261;239;90;44;46
582946.879875137;5559000.21206376;576468;Lično;5213;Rychnov nad Kněžnou;627;318;309;95;46;49;444;232;212;88;40;48
579064.83150292;5555262.10034108;576476;Lípa nad Orlicí;5208;Kostelec nad Orlicí;531;256;275;89;39;50;360;181;179;82;36;46
592910.142398012;5562154.96290539;576492;Lukavice;5213;Rychnov nad Kněžnou;612;316;296;95;54;41;423;217;206;94;45;49
591164.386646979;5554201.63130278;576506;Lupenice;5213;Rychnov nad Kněžnou;285;142;143;53;24;29;185;94;91;47;24;23
575734.39495996;5567851.20497146;576522;Mokré;5202;Dobruška;146;77;69;20;11;9;100;55;45;26;11;15
573835.532570646;5552943.73515457;576549;Nová Ves;5208;Kostelec nad Orlicí;178;89;89;28;16;12;119;58;61;31;15;16
575664.88082569;5565714.07553643;576557;Očelice;5202;Dobruška;249;130;119;42;20;22;163;87;76;44;23;21
586781.687178081;5575133.09739984;576565;Ohnišov;5202;Dobruška;487;236;251;76;38;38;320;164;156;91;34;57
594423.507481284;5580354.67164761;576573;Olešnice v Orlických horách;5202;Dobruška;441;216;225;56;23;33;305;164;141;80;29;51
582212.499750169;5556373.53875174;576581;Olešnice;5208;Kostelec nad Orlicí;470;234;236;80;35;45;312;167;145;78;32;46
578575.244483289;5568694.74984358;576590;Opočno;5202;Dobruška;3118;1510;1608;467;236;231;1989;996;993;662;278;384
603839.250254041;5570346.15343679;576603;Orlické Záhoří;5213;Rychnov nad Kněžnou;192;102;90;38;19;19;131;73;58;23;10;13
593318.707486408;5568571.17995221;576611;Osečnice;5213;Rychnov nad Kněžnou;282;140;142;43;16;27;187;102;85;52;22;30
602231.408926313;5557098.86602913;576620;Pěčín;5213;Rychnov nad Kněžnou;521;267;254;96;46;50;343;187;156;82;34;48
586771.411427175;5568555.02188775;576654;Podbřezí;5202;Dobruška;549;294;255;113;64;49;349;186;163;87;44;43
578007.360925225;5571497.60320057;576662;Pohoří;5202;Dobruška;672;333;339;110;57;53;471;237;234;91;39;52
594165.173453124;5548207.73780874;576671;Potštejn;5213;Rychnov nad Kněžnou;940;463;477;152;79;73;586;290;296;202;94;108
578491.699374154;5565024.60201864;576689;Přepychy;5202;Dobruška;629;292;337;100;45;55;395;200;195;134;47;87
604703.170251481;5560181.67319616;576701;Rokytnice v Orlických horách;5213;Rychnov nad Kněžnou;2063;1010;1053;294;155;139;1430;727;703;339;128;211
597695.40626382;5552561.18129319;576727;Rybná nad Zdobnicí;5213;Rychnov nad Kněžnou;405;213;192;58;32;26;278;153;125;69;28;41
604675.20305368;5564026.50357404;576735;Říčky v Orlických horách;5213;Rychnov nad Kněžnou;80;45;35;14;8;6;58;35;23;8;2;6
595114.859635809;5577291.55016179;576743;Sedloňov;5202;Dobruška;221;124;97;34;21;13;144;87;57;43;16;27
581869.055899851;5568265.61628226;576751;Semechnice;5202;Dobruška;413;206;207;71;39;32;279;144;135;63;23;40
591486.525264942;5565648.9124226;576778;Skuhrov nad Bělou;5213;Rychnov nad Kněžnou;1094;546;548;170;86;84;717;364;353;207;96;111
600275.911516336;5554591.85846012;576786;Slatina nad Zdobnicí;5213;Rychnov nad Kněžnou;860;425;435;129;69;60;575;293;282;156;63;93
591042.745829646;5577676.48034786;576794;Sněžné;5202;Dobruška;141;66;75;25;8;17;79;41;38;37;17;20
588135.118290621;5562787.02177371;576808;Solnice;5213;Rychnov nad Kněžnou;2196;1104;1092;361;189;172;1408;724;684;427;191;236
588062.16165003;5555942.85170761;576816;Synkov-Slemeno;5213;Rychnov nad Kněžnou;396;196;200;63;34;29;276;138;138;57;24;33
582469.022826625;5565687.8837669;576824;Trnov;5202;Dobruška;734;379;355;121;61;60;481;255;226;132;63;69
585884.900188854;5558287.67819695;576832;Třebešov;5213;Rychnov nad Kněžnou;267;137;130;52;24;28;174;93;81;41;20;21
589243.167356422;5554697.49105986;576841;Tutleky;5208;Kostelec nad Orlicí;343;176;167;47;26;21;236;126;110;60;24;36
576021.055023336;5558026.03940085;576859;Týniště nad Orlicí;5208;Kostelec nad Orlicí;6244;3036;3208;929;459;470;4049;2076;1973;1266;501;765
584756.751888251;5573675.16108481;576875;Val;5202;Dobruška;300;147;153;42;20;22;200;103;97;58;24;34
594077.986586625;5552290.84899442;576883;Vamberk;5213;Rychnov nad Kněžnou;4581;2289;2292;706;376;330;2951;1526;1425;924;387;537
581388.039948435;5561981.96287628;576891;Voděrady;5213;Rychnov nad Kněžnou;697;353;344;100;52;48;486;253;233;111;48;63
592811.824022821;5549916.16900674;576921;Záměl;5213;Rychnov nad Kněžnou;643;337;306;86;45;41;448;243;205;109;49;60
581651.812465464;5550867.34134001;576930;Zdelov;5208;Kostelec nad Orlicí;249;131;118;43;25;18;161;90;71;45;16;29
600541.65012318;5565967.47292652;576948;Zdobnice;5213;Rychnov nad Kněžnou;193;104;89;35;20;15;130;73;57;28;11;17
577723.044954961;5552558.37428183;576956;Žďár nad Orlicí;5208;Kostelec nad Orlicí;480;234;246;88;42;46;336;169;167;56;23;33
523257.347915658;5606754.65393711;576964;Semily;5107;Semily;8447;4077;4370;1255;632;623;5423;2733;2690;1769;712;1057
531529.126731686;5598558.90032594;576972;Bělá;5107;Semily;264;138;126;40;21;19;167;89;78;57;28;29
538561.358692063;5611481.67873611;576981;Benecko;5104;Jilemnice;1092;554;538;149;70;79;741;389;352;202;95;107
526473.365611813;5606512.50166303;576999;Benešov u Semil;5107;Semily;868;435;433;145;71;74;587;307;280;136;57;79
523966.408664138;5609890.26250275;577006;Bozkov;5107;Semily;556;283;273;74;37;37;370;191;179;112;55;57
528219.998494394;5593334.83234441;577014;Bradlecká Lhota;5107;Semily;241;122;119;39;18;21;159;84;75;43;20;23
541023.034119405;5599410.3570608;577031;Bukovina u Čisté;5104;Jilemnice;210;118;92;29;21;8;153;86;67;28;11;17
528484.54083177;5605497.473069;577049;Bystrá nad Jizerou;5107;Semily;114;59;55;17;8;9;73;40;33;24;11;13
542626.007175641;5598209.83313721;577057;Čistá u Horek;5104;Jilemnice;571;286;285;85;51;34;382;190;192;104;45;59
529444.082558479;5608085.1796746;577073;Háje nad Jizerou;5107;Semily;681;354;327;107;56;51;458;246;212;116;52;64
531628.745931005;5624981.28439854;577081;Harrachov;5108;Tanvald;1470;738;732;181;91;90;1009;517;492;280;130;150
521889.839519328;5596643.73126833;577111;Holenice;5109;Turnov;90;47;43;16;9;7;55;30;25;19;8;11
539746.225162582;5606611.11974349;577120;Horní Branná;5104;Jilemnice;1878;944;934;316;161;155;1241;647;594;321;136;185
514597.162251424;5597992.27108653;577146;Hrubá Skála;5109;Turnov;593;298;295;94;50;44;369;185;184;130;63;67
520434.604159559;5605296.71303333;577154;Chuchelna;5107;Semily;994;513;481;173;92;81;659;346;313;162;75;87
532806.863565495;5616720.74415137;577162;Jablonec nad Jizerou;5104;Jilemnice;1702;836;866;208;110;98;1142;577;565;352;149;203
524268.749249119;5612684.7667357;577171;Jesenný;5107;Semily;489;259;230;60;32;28;316;173;143;113;54;59
535598.422304192;5613319.11727273;577189;Jestřabí v Krkonoších;5104;Jilemnice;243;129;114;43;25;18;154;86;68;46;18;28
536409.601914247;5606637.90847205;577197;Jilemnice;5104;Jilemnice;5515;2699;2816;855;432;423;3628;1840;1788;1032;427;605
511044.540950428;5599881.13201274;577201;Kacanovy;5109;Turnov;218;112;106;53;28;25;136;70;66;29;14;15
514723.263456122;5601018.70848785;577219;Karlovice;5109;Turnov;766;393;373;102;60;42;491;255;236;173;78;95
515537.998758316;5605832.58191018;577227;Klokočí;5109;Turnov;200;112;88;30;21;9;142;80;62;28;11;17
529132.073889137;5603215.90402155;577235;Košťálov;5107;Semily;1635;807;828;248;121;127;1068;564;504;319;122;197
534001.050318258;5602021.51586274;577243;Kruh;5104;Jilemnice;476;242;234;70;43;27;300;147;153;106;52;54
529960.21256856;5600849.8921052;577294;Libštát;5107;Semily;955;486;469;120;61;59;661;350;311;174;75;99
525533.844909596;5597537.64642896;577308;Lomnice nad Popelkou;5107;Semily;5568;2726;2842;792;395;397;3635;1861;1774;1141;470;671
515376.880204138;5604652.1540469;577316;Mírová pod Kozákovem;5109;Turnov;1688;822;866;313;154;159;1103;556;547;272;112;160
508531.9796042;5602149.94427244;577324;Modřišice;5109;Turnov;425;220;205;80;44;36;277;143;134;68;33;35
533373.739253235;5605162.17980245;577332;Mříčná;5104;Jilemnice;558;292;266;95;44;51;373;205;168;90;43;47
529172.71161701;5596663.48562728;577341;Nová Ves nad Popelkou;5107;Semily;662;327;335;109;50;59;425;220;205;128;57;71
508992.119845142;5605685.46179814;577359;Ohrazenice;5109;Turnov;1123;558;565;158;70;88;790;413;377;175;75;100
508716.250507529;5599647.46050467;577367;Olešnice;5109;Turnov;188;95;93;31;19;12;115;59;56;42;17;25
537291.437006133;5597761.37969189;577375;Levínská Olešnice;5104;Jilemnice;355;180;175;51;22;29;236;133;103;68;25;43
532128.73814066;5607387.6292108;577391;Peřimov;5104;Jilemnice;242;124;118;43;21;22;151;81;70;48;22;26
532549.74403309;5612208.60522953;577405;Poniklá;5104;Jilemnice;1139;564;575;139;70;69;758;399;359;242;95;147
507862.637798084;5603594.40325356;577413;Přepeře;5109;Turnov;924;463;461;139;69;70;608;309;299;177;85;92
526495.601031565;5609221.34920585;577421;Příkrý;5107;Semily;256;129;127;35;16;19;171;92;79;50;21;29
517770.902151187;5603068.91563071;577430;Radostná pod Kozákovem;5109;Turnov;432;232;200;79;45;34;276;148;128;77;39;38
512891.893639877;5607363.05095319;577448;Rakousy;5109;Turnov;86;46;40;14;9;5;57;30;27;15;7;8
533439.624477625;5621177.0769452;577456;Rokytnice nad Jizerou;5104;Jilemnice;2752;1390;1362;355;204;151;1786;937;849;611;249;362
529317.153307654;5611777.77051333;577464;Roprachtice;5107;Semily;280;128;152;47;23;24;181;84;97;52;21;31
518781.624029724;5598930.59183299;577472;Rovensko pod Troskami;5109;Turnov;1278;634;644;186;95;91;871;440;431;221;99;122
526048.039018033;5612236.80884427;577481;Roztoky u Semil;5107;Semily;108;54;54;13;8;5;68;38;30;27;8;19
535889.432638099;5601975.04650351;577499;Roztoky u Jilemnice;5104;Jilemnice;1008;492;516;176;91;85;650;328;322;182;73;109
523999.455810892;5603576.85327467;577529;Slaná;5107;Semily;681;340;341;112;60;52;445;231;214;124;49;75
524359.30393183;5601088.10431872;577545;Stružinec;5107;Semily;708;361;347;108;56;52;454;242;212;146;63;83
539414.447466086;5600850.71110481;577553;Studenec;5104;Jilemnice;1897;935;962;363;190;173;1170;596;574;364;149;215
532891.312795581;5600055.51591452;577561;Svojek;5104;Jilemnice;175;90;85;23;16;7;114;57;57;38;17;21
530168.314324083;5593976.03474732;577570;Syřenov;5107;Semily;207;111;96;33;22;11;137;72;65;37;17;20
520329.722320095;5602045.05394231;577596;Tatobity;5109;Turnov;558;271;287;81;36;45;365;181;184;112;54;58
515442.531741955;5595264.26302129;577600;Troskovice;5109;Turnov;103;61;42;10;6;4;62;36;26;31;19;12
511183.787867696;5604162.66575823;577626;Turnov;5109;Turnov;14349;6878;7471;2054;1066;988;9147;4527;4620;3148;1285;1863
521888.406497854;5599316.0481474;577642;Veselá;5107;Semily;229;116;113;39;19;20;149;79;70;41;18;23
534261.449597587;5609808.59538045;577651;Víchová nad Jizerou;5104;Jilemnice;938;462;476;144;66;78;633;320;313;161;76;85
537985.607194475;5618347.57206762;577669;Vítkovice;5104;Jilemnice;411;215;196;59;25;34;288;153;135;64;37;27
507132.730305705;5600072.90856272;577677;Všeň;5109;Turnov;610;306;304;97;57;40;401;205;196;112;44;68
511243.630737023;5597521.72555736;577685;Vyskeř;5109;Turnov;407;214;193;52;31;21;279;147;132;76;36;40
528236.68736327;5615110.05983401;577693;Vysoké nad Jizerou;5107;Semily;1284;677;607;182;97;85;823;451;372;279;129;150
519172.327999263;5607716.46321803;577707;Záhoří;5107;Semily;492;257;235;77;36;41;323;175;148;92;46;46
519090.840744018;5600266.57515872;577723;Žernov;5109;Turnov;229;127;102;26;15;11;173;99;74;30;13;17
606044.513674021;5513361.35712949;577731;Svitavy;5312;Svitavy;17005;8109;8896;2656;1315;1341;11208;5517;5691;3141;1277;1864
596021.36387391;5523214.76947185;577774;Benátky;5307;Litomyšl;366;168;198;62;25;37;264;131;133;40;12;28
605750.19239794;5494849.94687343;577812;Bohuňov;5312;Svitavy;161;92;69;20;15;5;93;50;43;48;27;21
590232.65516591;5528847.2512328;577821;Bohuňovice;5307;Litomyšl;115;59;56;11;5;6;82;47;35;22;7;15
583253.391358988;5510474.71487438;577839;Borová;5310;Polička;984;475;509;156;64;92;680;348;332;148;63;85
610942.286316743;5498203.20795665;577863;Brněnec;5312;Svitavy;1305;644;661;174;95;79;812;410;402;319;139;180
616092.662758065;5501360.1443637;577871;Březina;5308;Moravská Třebová;348;174;174;38;20;18;234;119;115;76;35;41
580124.702477541;5505567.3786994;577898;Březiny;5310;Polička;151;77;74;23;10;13;101;58;43;27;9;18
583814.172143624;5516493.41321799;577910;Budislav;5307;Litomyšl;444;233;211;67;32;35;293;155;138;84;46;38
597074.028494921;5498267.30870399;577928;Bystré;5310;Polička;1588;805;783;244;122;122;1025;555;470;319;128;191
587565.568064955;5528874.87944452;577936;Cerekvice nad Loučnou;5307;Litomyšl;837;410;427;129;58;71;578;294;284;130;58;72
597445.027558944;5519247.39454852;577944;Čistá;5307;Litomyšl;978;484;494;184;98;86;648;324;324;146;62;84
610956.860342904;5517381.892782;577961;Dětřichov;5312;Svitavy;326;166;160;47;20;27;233;124;109;46;22;24
306228.666654209;5557184.72016075;577979;Poustka;4102;Cheb;155;72;83;34;17;17;106;50;56;15;5;10
617234.209037532;5507109.40881467;577987;Dlouhá Loučka;5308;Moravská Třebová;537;283;254;80;49;31;382;200;182;75;34;41
590751.354250701;5519199.82461212;577995;Dolní Újezd;5307;Litomyšl;1966;974;992;306;153;153;1311;673;638;349;148;201
312397.60039977;5564732.38770246;578002;Velký Luh;4102;Cheb;153;85;68;28;15;13;108;62;46;17;8;9
348209.447304194;5549922.86759713;578011;Chodov;4103;Karlovy Vary;115;72;43;20;13;7;80;50;30;15;9;6
335311.303905787;5581040.99874701;578029;Vysoká Pec;4103;Karlovy Vary;358;148;210;58;28;30;240;100;140;60;20;40
599350.421286196;5497923.57584877;578037;Hartmanice;5310;Polička;286;148;138;46;23;23;178;94;84;62;31;31
357852.275705587;5580357.91829953;578045;Krásný Les;4106;Ostrov;322;163;159;57;29;28;228;117;111;37;17;20
589043.888673886;5530252.75765323;578053;Horky;5307;Litomyšl;119;61;58;27;14;13;74;39;35;18;8;10
379808.681748827;5476176.33933007;578061;Ostřetice;3205;Klatovy;68;31;37;18;10;8;40;15;25;10;6;4
373987.426090264;5470288.40013221;578070;Lomec;3205;Klatovy;130;65;65;22;8;14;94;51;43;14;6;8
371426.046010726;5486189.3805125;578088;Biřkov;3205;Klatovy;124;58;66;19;11;8;76;31;45;29;16;13
625429.922216737;5503244.60391219;578096;Chornice;5308;Moravská Třebová;868;437;431;120;60;60;599;314;285;149;63;86
585437.153206389;5519862.23982684;578100;Chotěnov;5307;Litomyšl;125;61;64;15;10;5;84;44;40;26;7;19
584225.105735076;5522755.80390833;578118;Chotovice;5307;Litomyšl;125;64;61;16;10;6;87;46;41;22;8;14
608988.284278069;5497070.04452936;578126;Chrastavec;5312;Svitavy;219;114;105;17;10;7;144;77;67;58;27;31
600743.347392243;5521632.0532183;578134;Janov;5307;Litomyšl;995;474;521;184;83;101;655;332;323;156;59;97
614460.65594601;5503640.16820055;578142;Janůvky;5308;Moravská Třebová;48;26;22;5;2;3;33;18;15;10;6;4
627538.132703926;5497832.24282461;578151;Jaroměřice;5308;Moravská Třebová;1203;624;579;167;99;68;786;422;364;250;103;147
583679.9113806;5519243.55073501;578169;Jarošov;5307;Litomyšl;186;98;88;36;21;15;125;64;61;25;13;12
399267.526946431;5474688.09652604;578177;Kovčín;3203;Horažďovice;87;41;46;13;3;10;56;31;25;18;7;11
595346.812601523;5501749.7389236;578185;Jedlová;5310;Polička;1040;518;522;162;83;79;697;359;338;181;76;105
621485.143229837;5500945.07061248;578193;Jevíčko;5308;Moravská Třebová;2827;1375;1452;422;205;217;1898;950;948;507;220;287
589134.444032001;5507121.78512407;578207;Kamenec u Poličky;5310;Polička;543;275;268;101;49;52;360;190;170;82;36;46
610835.833821721;5510565.78365355;578215;Kamenná Horka;5312;Svitavy;303;151;152;38;17;21;212;109;103;53;25;28
395019.016492371;5474019.63189374;578223;Nehodiv;3203;Horažďovice;72;29;43;13;4;9;44;22;22;15;3;12
611345.200268338;5513692.14645243;578231;Koclířov;5312;Svitavy;692;360;332;122;64;58;452;240;212;118;56;62
364431.632472724;5453917.66953429;578240;Hamry;3205;Klatovy;130;74;56;16;9;7;90;51;39;24;14;10
590478.055544398;5502179.06288059;578258;Korouhev;5310;Polička;807;408;399;131;66;65;531;277;254;145;65;80
623977.989433934;5522607.18847633;578266;Koruna;5308;Moravská Třebová;136;72;64;23;11;12;89;51;38;24;10;14
616700.130983659;5504495.47477416;578274;Křenov;5308;Moravská Třebová;405;217;188;62;33;29;283;160;123;60;24;36
615951.266095846;5516893.87079968;578282;Kunčina;5308;Moravská Třebová;1383;707;676;252;122;130;919;489;430;212;96;116
596791.502952684;5510433.8213135;578291;Květná;5310;Polička;405;210;195;80;45;35;284;150;134;41;15;26
604573.326883429;5499675.83117197;578304;Lavičné;5312;Svitavy;113;67;46;14;9;5;72;43;29;27;15;12
392320.579283137;5470518.30945606;578312;Zborovy;3205;Klatovy;110;60;50;6;5;1;86;45;41;18;10;8
387929.318376415;5474940.4576159;578321;Újezd u Plánice;3205;Klatovy;109;60;49;17;7;10;68;41;27;24;12;12
622488.96080182;5513337.18607359;578339;Linhartice;5308;Moravská Třebová;640;324;316;104;56;48;429;225;204;107;43;64
594804.939821893;5524621.545185;578347;Litomyšl;5307;Litomyšl;10043;4813;5230;1472;740;732;6604;3236;3368;1967;837;1130
586290.621900657;5513952.86840469;578355;Lubná;5307;Litomyšl;975;505;470;121;63;58;660;351;309;194;91;103
585675.583280344;5523460.57349653;578363;Makov;5307;Litomyšl;323;166;157;46;27;19;224;117;107;53;22;31
621232.643802206;5509846.83087252;578371;Malíkov;5308;Moravská Třebová;100;57;43;19;9;10;71;42;29;10;6;4
624910.459785189;5507752.12696436;578380;Městečko Trnávka;5308;Moravská Třebová;1390;721;669;153;77;76;970;524;446;267;120;147
603215.632914457;5518499.16293741;578398;Mikuleč;5312;Svitavy;236;120;116;40;17;23;158;88;70;38;15;23
614236.734448837;5520104.19021793;578401;Mladějov na Moravě;5308;Moravská Třebová;440;224;216;76;34;42;278;151;127;86;39;47
402101.507748051;5471644.06788949;578410;Maňovice;3203;Horažďovice;47;28;19;5;4;1;33;20;13;9;4;5
588679.159467542;5524151.26920533;578428;Morašice;5307;Litomyšl;707;366;341;109;56;53;478;252;226;120;58;62
409397.892119843;5471631.2940389;578436;Slatina;3203;Horažďovice;102;56;46;7;2;5;71;47;24;24;7;17
616834.898972476;5512031.16875716;578444;Moravská Třebová;5308;Moravská Třebová;10267;4955;5312;1383;690;693;6798;3423;3375;2086;842;1244
593729.131980541;5498451.38493806;578452;Nedvězí;5310;Polička;203;108;95;20;12;8;130;74;56;53;22;31
373293.900224137;5483135.99007992;578461;Mezihoří;3205;Klatovy;58;29;29;9;4;5;39;21;18;10;4;6
585806.532776727;5509390.67032539;578479;Oldřiš;5310;Polička;665;344;321;109;55;54;447;241;206;109;48;61
607495.839233041;5520854.75440167;578487;Opatov;5312;Svitavy;1156;596;560;188;89;99;766;406;360;202;101;101
398685.669159212;5456170.99172393;578495;Čímice;3214;Sušice;170;84;86;20;11;9;99;47;52;51;26;25
592311.026730257;5522370.88074137;578509;Osík;5307;Litomyšl;1022;523;499;176;81;95;686;363;323;160;79;81
402596.877662181;5455776.93978653;578517;Domoraz;3214;Sušice;53;32;21;3;3;0;32;22;10;18;7;11
405419.442098576;5455763.80758532;578525;Frymburk;3214;Sušice;113;52;61;29;10;19;64;34;30;20;8;12
403121.07829965;5457585.94485829;578533;Nezamyslice;3214;Sušice;216;114;102;22;5;17;138;75;63;56;34;22
391409.314090735;5486635.59890223;578541;Jarov;3201;Blovice;225;124;101;16;11;5;148;81;67;61;32;29
611683.350841256;5504567.75839755;578550;Pohledy;5312;Svitavy;319;163;156;45;20;25;221;118;103;53;25;28
402840.525128321;5482713.33533745;578568;Čmelíny;3207;Nepomuk;127;74;53;17;10;7;83;49;34;27;15;12
591661.864565387;5508328.16503584;578576;Polička;5310;Polička;8783;4248;4535;1286;656;630;5814;2926;2888;1683;666;1017
595559.556694968;5507591.18561259;578584;Pomezí;5310;Polička;1236;625;611;216;113;103;845;435;410;175;77;98
399864.723410096;5482034.60528282;578592;Třebčice;3207;Nepomuk;121;74;47;18;11;7;88;58;30;15;5;10
393422.986849752;5506257.80823592;578606;Lhůta;3209;Plzeň;172;87;85;30;16;14;105;52;53;37;19;18
401038.676001991;5483475.11745786;578614;Tojice;3207;Nepomuk;90;47;43;8;5;3;60;35;25;22;7;15
583404.511011953;5524423.19488042;578622;Příluka;5307;Litomyšl;168;81;87;27;12;15;117;60;57;24;9;15
579108.022743139;5510659.98849911;578631;Pustá Kamenice;5310;Polička;328;172;156;47;26;21;221;118;103;60;28;32
581280.34436887;5507716.93729101;578649;Pustá Rybná;5310;Polička;160;77;83;22;7;15;95;53;42;43;17;26
602321.884892732;5506050.59014929;578657;Radiměř;5312;Svitavy;1083;537;546;144;70;74;744;378;366;195;89;106
377140.109455104;5532644.89631532;578665;Dražeň;3206;Kralovice;145;73;72;24;11;13;99;52;47;22;10;12
601335.503658848;5501241.66346653;578673;Rohozná;5312;Svitavy;637;307;330;67;39;28;418;219;199;152;49;103
610405.455581682;5495247.80358724;578681;Rozhraní;5312;Svitavy;319;163;156;53;29;24;197;105;92;69;29;40
623514.264197467;5510767.59424649;578690;Rozstání;5308;Moravská Třebová;244;113;131;34;14;20;163;79;84;47;20;27
613371.409383907;5501749.85412423;578703;Rudná;5312;Svitavy;170;84;86;30;17;13;110;55;55;30;12;18
617814.643100279;5521617.30019912;578711;Rychnov na Moravě;5308;Moravská Třebová;597;310;287;92;56;36;383;204;179;122;50;72
587506.790455068;5505704.92030108;578720;Sádek;5310;Polička;525;260;265;101;53;48;336;170;166;88;37;51
591134.275934757;5513669.74836852;578738;Sebranice;5307;Litomyšl;985;506;479;180;99;81;645;330;315;160;77;83
591969.311703256;5527953.89578493;578746;Sedliště;5307;Litomyšl;242;121;121;39;22;17;168;80;88;35;19;16
610534.792566066;5506950.7534992;578754;Sklené;5312;Svitavy;229;115;114;38;17;21;151;82;69;40;16;24
615371.466730719;5498678.42982712;578762;Slatina;5308;Moravská Třebová;144;78;66;25;18;7;95;51;44;24;9;15
390981.362567637;5531764.47770441;578771;Kočín;3206;Kralovice;129;72;57;17;10;7;94;53;41;18;9;9
621891.987358116;5517670.98617674;578789;Staré Město;5308;Moravská Třebová;1004;520;484;172;84;88;672;368;304;160;68;92
378708.270283777;5537382.86418806;578797;Štichovice;3206;Kralovice;114;59;55;10;7;3;78;39;39;26;13;13
598707.290547568;5503706.45702804;578801;Stašov;5310;Polička;249;133;116;44;21;23;168;96;72;37;16;21
599584.564138637;5524488.8051282;578819;Strakov;5307;Litomyšl;231;113;118;32;17;15;165;86;79;34;10;24
370574.956366325;5527703.98129255;578827;Zahrádka;3208;Nýřany;153;80;73;23;12;11;107;55;52;23;13;10
584528.436340815;5525883.86176448;578835;Suchá Lhota;5307;Litomyšl;92;47;45;16;7;9;63;35;28;13;5;8
602774.896167994;5497436.57282961;578843;Svojanov;5310;Polička;368;176;192;47;16;31;233;126;107;88;34;54
587778.913299861;5510815.63143197;578851;Široký Důl;5310;Polička;410;211;199;75;42;33;270;143;127;65;26;39
608644.363150867;5495291.23145816;578860;Študlov;5312;Svitavy;124;61;63;17;10;7;75;36;39;32;15;17
584692.055056623;5505120.70811539;578878;Telecí;5310;Polička;426;229;197;86;42;44;262;150;112;78;37;41
600873.213657115;5495036.86979662;578886;Trpín;5310;Polička;430;212;218;60;30;30;286;142;144;84;40;44
596237.192695436;5515967.5952455;578894;Trstěnice;5307;Litomyšl;525;280;245;101;64;37;324;168;156;100;48;52
622633.045037389;5521026.98262781;578908;Třebařov;5308;Moravská Třebová;888;449;439;127;60;67;597;330;267;164;59;105
586644.98928013;5525887.45754841;578916;Újezdec;5307;Litomyšl;97;48;49;23;10;13;61;34;27;13;4;9
386201.066686733;5547876.47662836;578924;Velečín;3206;Kralovice;64;34;30;5;3;2;32;17;15;27;14;13
601974.763600029;5510204.20825086;578932;Vendolí;5312;Svitavy;965;501;464;168;86;82;660;354;306;137;61;76
587156.817067386;5521194.52476296;578941;Vidlatá Seč;5307;Litomyšl;285;145;140;39;19;20;202;108;94;44;18;26
623723.68519378;5501507.08501367;578959;Víska u Jevíčka;5308;Moravská Třebová;158;82;76;16;7;9;113;62;51;29;13;16
605949.927695817;5496571.17159975;578967;Vítějeves;5312;Svitavy;416;210;206;63;35;28;268;141;127;85;34;51
631406.838398597;5507838.06267407;578975;Vranová Lhota;5308;Moravská Třebová;440;221;219;55;34;21;319;159;160;66;28;38
377321.480646858;5523519.1645061;578983;Tatiná;3208;Nýřany;250;126;124;40;21;19;167;86;81;43;19;24
630430.256260215;5503118.97401104;578991;Vysoká;5308;Moravská Třebová;30;16;14;1;0;1;25;14;11;4;2;2
407938.311897357;5512515.51705917;579009;Medový Újezd;3211;Rokycany;233;108;125;36;18;18;143;69;74;54;21;33
400979.581017003;5502836.14742893;579017;Kakejcov;3211;Rokycany;92;48;44;16;9;7;52;28;24;24;11;13
565445.218348158;5602614.50885403;579025;Trutnov;5214;Trutnov;30812;14882;15930;4643;2378;2265;20380;10188;10192;5789;2316;3473
398682.649210469;5502320.63343722;579033;Kornatice;3211;Rokycany;182;97;85;29;15;14;132;69;63;21;13;8
573646.556920177;5596776.10922428;579041;Batňovice;5214;Trutnov;757;401;356;121;73;48;494;265;229;142;63;79
568774.203351698;5610365.73339414;579050;Bernartice;5214;Trutnov;955;480;475;160;88;72;640;318;322;155;74;81
553732.889207079;5588210.48044982;579068;Bílá Třemešná;5203;Dvůr Králové nad Labem;1342;688;654;201;118;83;869;453;416;272;117;155
552153.832909532;5582636.98766796;579076;Bílé Poličany;5203;Dvůr Králové nad Labem;161;79;82;18;6;12;94;48;46;49;25;24
400479.19732328;5501225.23977317;579084;Mešno;3211;Rokycany;83;43;40;9;4;5;60;33;27;14;6;8
544118.577075834;5595396.46348242;579092;Borovnice;5203;Dvůr Králové nad Labem;368;202;166;45;30;15;241;138;103;82;34;48
554243.28576644;5601037.30297761;579106;Čermná;5215;Vrchlabí;399;208;191;66;31;35;265;145;120;68;32;36
550020.95943242;5610074.19144893;579114;Černý Důl;5215;Vrchlabí;694;363;331;103;54;49;446;244;202;145;65;80
542146.821192078;5604647.36008641;579122;Dolní Branná;5215;Vrchlabí;972;490;482;139;56;83;673;359;314;160;75;85
402950.512090231;5502027.65728054;579131;Příkosice;3211;Rokycany;418;213;205;68;35;33;258;135;123;92;43;49
547363.891211286;5613226.78925901;579149;Dolní Dvůr;5215;Vrchlabí;261;144;117;43;28;15;178;97;81;40;19;21
545562.619941801;5599436.97845082;579157;Dolní Kalná;5215;Vrchlabí;680;343;337;102;58;44;450;236;214;128;49;79
547022.193868388;5604830.70310097;579165;Dolní Lánov;5215;Vrchlabí;765;371;394;147;67;80;503;254;249;115;50;65
550792.760481797;5596254.50732463;579173;Dolní Olešnice;5214;Trutnov;383;198;185;68;35;33;266;138;128;49;25;24
554405.364758603;5584137.57350593;579181;Doubravice;5203;Dvůr Králové nad Labem;383;200;183;50;31;19;244;127;117;89;42;47
556581.153467029;5581439.97258557;579190;Dubenec;5203;Dvůr Králové nad Labem;693;337;356;97;48;49;486;246;240;110;43;67
557803.463796839;5587046.79554093;579203;Dvůr Králové nad Labem;5203;Dvůr Králové nad Labem;15882;7688;8194;2239;1152;1087;10238;5099;5139;3405;1437;1968
563932.896348672;5593311.04323819;579211;Hajnice;5214;Trutnov;1013;507;506;174;75;99;686;371;315;153;61;92
573589.69395953;5593679.25459795;579220;Havlovice;5214;Trutnov;984;486;498;162;74;88;656;338;318;166;74;92
548024.760263244;5590825.18419794;579238;Horní Brusnice;5203;Dvůr Králové nad Labem;432;226;206;54;29;25;293;159;134;85;38;47
405970.146690049;5500595.03196102;579246;Trokavec;3211;Rokycany;94;43;51;5;2;3;72;33;39;17;8;9
543607.897455603;5601895.62415481;579254;Horní Kalná;5215;Vrchlabí;355;181;174;57;31;26;232;128;104;66;22;44
558459.735148032;5614342.94944031;579262;Horní Maršov;5214;Trutnov;996;499;497;135;76;59;699;350;349;162;73;89
547467.406649254;5597505.61146691;579271;Horní Olešnice;5214;Trutnov;302;164;138;30;15;15;207;120;87;65;29;36
404421.874968771;5500763.67986684;579289;Vísky;3211;Rokycany;45;19;26;8;4;4;29;12;17;8;3;5
551403.684020303;5599000.72863351;579297;Hostinné;5215;Vrchlabí;4470;2179;2291;685;355;330;2868;1466;1402;917;358;559
559202.083697846;5582079.08360039;579301;Hřibojedy;5203;Dvůr Králové nad Labem;220;113;107;31;17;14;146;74;72;43;22;21
554834.502467159;5596748.7051463;579319;Chotěvice;5214;Trutnov;1026;501;525;153;79;74;694;345;349;179;77;102
562335.309326913;5586973.75698925;579327;Choustníkovo Hradiště;5203;Dvůr Králové nad Labem;566;285;281;62;35;27;393;203;190;111;47;64
572500.329560194;5605069.76285868;579335;Chvaleč;5214;Trutnov;663;329;334;95;46;49;454;236;218;114;47;67
405380.406205944;5502376.97269787;579343;Štítov;3211;Rokycany;63;37;26;9;4;5;44;28;16;10;5;5
553850.430714297;5610036.27520831;579351;Janské Lázně;5214;Trutnov;729;370;359;92;51;41;480;258;222;157;61;96
334463.077539179;5561581.92237457;579360;Těšovice;4107;Sokolov;216;107;109;32;13;19;156;82;74;28;12;16
577735.045932657;5602611.62397361;579378;Jívka;5214;Trutnov;542;276;266;93;48;45;340;173;167;109;55;54
546726.377316397;5600796.72908972;579386;Klášterská Lhota;5215;Vrchlabí;211;103;108;34;19;15;132;64;68;45;20;25
561157.040164863;5590523.38729571;579394;Kocbeře;5203;Dvůr Králové nad Labem;513;269;244;74;43;31;347;187;160;92;39;53
565040.205275414;5589101.17740245;579408;Kohoutov;5203;Dvůr Králové nad Labem;256;137;119;39;24;15;165;90;75;52;23;29
561870.748631494;5582333.23745957;579416;Kuks;5203;Dvůr Králové nad Labem;255;130;125;31;11;20;179;99;80;45;20;25
544790.88141377;5603346.78586101;579424;Kunčice nad Labem;5215;Vrchlabí;587;310;277;89;48;41;405;218;187;93;44;49
546454.411993179;5608874.96462051;579432;Lánov;5215;Vrchlabí;1800;923;877;330;175;155;1205;626;579;265;122;143
553279.559688083;5580903.58719192;579441;Lanžov;5203;Dvůr Králové nad Labem;186;89;97;27;12;15;110;55;55;49;22;27
328645.610811093;5522436.82767136;579459;Ctiboř;3215;Tachov;321;164;157;54;27;27;217;116;101;50;21;29
355521.267733784;5502114.79221506;579467;Skapce;3213;Stříbro;98;50;48;14;10;4;65;35;30;19;5;14
571015.069631479;5592615.28668702;579475;Libňatov;5214;Trutnov;361;178;183;44;30;14;241;115;126;76;33;43
557316.817259335;5583602.90783215;579483;Libotov;5203;Dvůr Králové nad Labem;184;92;92;26;16;10;119;63;56;39;13;26
358348.399327395;5513458.99039756;579491;Vranov;3213;Stříbro;166;88;78;23;9;14;117;65;52;26;14;12
555814.508952732;5619841.60620065;579505;Malá Úpa;5214;Trutnov;144;86;58;28;16;12;104;64;40;12;6;6
575542.759108944;5598513.83225741;579513;Malé Svatoňovice;5214;Trutnov;1528;760;768;229;125;104;1000;514;486;299;121;178
568929.48767623;5593224.94050445;579530;Maršov u Úpice;5214;Trutnov;189;90;99;34;17;17;118;58;60;37;15;22
559213.678881564;5607287.66572849;579548;Mladé Buky;5214;Trutnov;2284;1158;1126;337;179;158;1582;840;742;365;139;226
550184.795005127;5593055.04629698;579556;Mostek;5203;Dvůr Králové nad Labem;1259;636;623;161;85;76;789;417;372;309;134;175
553937.08246285;5591488.12200659;579564;Nemojov;5203;Dvůr Králové nad Labem;734;372;362;163;92;71;453;227;226;118;53;65
552400.30327492;5616174.54465167;579581;Pec pod Sněžkou;5214;Trutnov;618;320;298;69;34;35;448;238;210;101;48;53
558384.80151205;5597932.21713262;579599;Pilníkov;5214;Trutnov;1244;633;611;215;107;108;813;441;372;216;85;131
548631.12109131;5601884.41224212;579602;Prosečné;5215;Vrchlabí;561;286;275;91;44;47;388;206;182;82;36;46
574382.591807016;5601992.16086271;579629;Radvanice;5214;Trutnov;986;472;514;175;88;87;647;326;321;164;58;106
576665.726772501;5595754.05731288;579637;Rtyně v Podkrkonoší;5214;Trutnov;2978;1482;1496;417;221;196;1925;1007;918;636;254;382
552611.200785593;5604906.61491876;579645;Rudník;5215;Vrchlabí;2171;1125;1046;325;175;150;1444;772;672;402;178;224
561786.580944754;5597755.61048534;579661;Staré Buky;5214;Trutnov;568;294;274;94;54;40;373;198;175;101;42;59
545159.553409013;5614613.75374725;579696;Strážné;5215;Vrchlabí;215;110;105;51;25;26;131;71;60;33;14;19
570663.125650857;5598185.86257312;579726;Suchovršice;5214;Trutnov;376;189;187;63;31;32;252;130;122;61;28;33
557430.067142037;5609818.91476867;579734;Svoboda nad Úpou;5214;Trutnov;2112;1044;1068;283;147;136;1353;691;662;476;206;270
543170.80327744;5620240.20325184;579742;Špindlerův Mlýn;5215;Vrchlabí;1151;573;578;153;73;80;798;410;388;200;90;110
550991.763621494;5584434.57237785;579751;Trotina;5203;Dvůr Králové nad Labem;85;46;39;15;8;7;55;28;27;15;10;5
550692.462403106;5587395.47444168;579769;Třebihošť;5203;Dvůr Králové nad Labem;423;219;204;69;34;35;267;149;118;87;36;51
570312.875163642;5595591.82507704;579777;Úpice;5214;Trutnov;5683;2750;2933;863;426;437;3573;1808;1765;1247;516;731
572031.272211712;5600286.95598513;579785;Velké Svatoňovice;5214;Trutnov;1263;662;601;176;91;85;830;452;378;257;119;138
553314.367662529;5578393.11778718;579793;Velký Vřešťov;5203;Dvůr Králové nad Labem;229;117;112;41;18;23;150;80;70;38;19;19
556848.233251294;5592716.29095194;579815;Vítězná;5203;Dvůr Králové nad Labem;1396;728;668;233;125;108;932;504;428;231;99;132
557733.91240539;5602382.82915956;579823;Vlčice;5214;Trutnov;494;259;235;86;52;34;327;168;159;81;39;42
565108.02353248;5585312.46694164;579831;Vlčkovice v Podkrkonoší;5203;Dvůr Králové nad Labem;387;204;183;51;23;28;265;149;116;71;32;39
542629.356273345;5609795.61276702;579858;Vrchlabí;5215;Vrchlabí;12516;6032;6484;1913;920;993;8046;4071;3975;2557;1041;1516
567164.008786848;5608171.85430655;579866;Zlatá Olešnice;5214;Trutnov;195;103;92;30;14;16;143;78;65;22;11;11
563477.012624866;5612505.13016373;579874;Žacléř;5214;Trutnov;3254;1574;1680;436;214;222;2106;1087;1019;712;273;439
602574.971565983;5535990.60673661;579891;Ústí nad Orlicí;5313;Ústí nad Orlicí;14226;6928;7298;2081;1120;961;9160;4557;4603;2985;1251;1734
592151.819212642;5539715.5589099;579947;Brandýs nad Orlicí;5313;Ústí nad Orlicí;1349;662;687;199;105;94;852;435;417;298;122;176
585592.968334959;5527388.08174756;579963;Bučina;5314;Vysoké Mýto;240;120;120;47;22;25;143;76;67;50;22;28
616184.159540653;5540930.65815707;579971;Bystřec;5315;Žamberk;1147;559;588;200;89;111;763;395;368;184;75;109
622998.023423922;5532369.22153713;579980;Cotkytle;5306;Lanškroun;390;198;192;73;38;35;235;127;108;82;33;49
621048.70293828;5541595.7702693;579998;Čenkovice;5306;Lanškroun;191;100;91;27;11;16;133;76;57;31;13;18
625541.05083693;5544385.97564538;580015;Červená Voda;5305;Králíky;3068;1472;1596;505;228;277;1972;1026;946;591;218;373
599298.891554454;5547489.9084045;580023;Česká Rybná;5315;Žamberk;383;197;186;66;34;32;243;129;114;74;34;40
604365.948546844;5529584.44305955;580031;Česká Třebová;5301;Česká Třebová;15710;7659;8051;2314;1186;1128;10233;5144;5089;3163;1329;1834
590548.681050118;5531884.92715322;580040;České Heřmanice;5314;Vysoké Mýto;568;269;299;93;42;51;381;192;189;94;35;59
598497.210507021;5543273.71356783;580058;České Libchavy;5313;Ústí nad Orlicí;641;328;313;146;81;65;415;210;205;80;37;43
614577.305728846;5553182.71559427;580066;České Petrovice;5315;Žamberk;154;83;71;19;9;10;106;55;51;29;19;10
611266.304730645;5525487.849116;580074;Damníkov;5306;Lanškroun;698;358;340;126;60;66;462;248;214;110;50;60
580800.501951519;5539980.86521533;580091;Dobříkov;5314;Vysoké Mýto;501;246;255;98;50;48;308;154;154;95;42;53
612252.269150625;5536912.0940801;580112;Dolní Čermná;5306;Lanškroun;1335;663;672;209;109;100;919;478;441;207;76;131
607456.828985264;5538186.44068779;580121;Dolní Dobrouč;5313;Ústí nad Orlicí;2581;1323;1258;420;238;182;1720;910;810;441;175;266
599957.344849198;5540061.06720901;580147;Libchavy;5313;Ústí nad Orlicí;1713;859;854;317;162;155;1149;589;560;247;108;139
630154.566972384;5557793.07339989;580163;Dolní Morava;5305;Králíky;299;161;138;40;24;16;213;118;95;46;19;27
583344.868724403;5529824.59444764;580210;Džbánov;5314;Vysoké Mýto;359;182;177;77;39;38;230;121;109;52;22;30
600397.467192127;5545687.1326748;580228;Hejnice;5315;Žamberk;197;102;95;25;11;14;140;76;64;32;15;17
603525.401914643;5541436.32229744;580261;Hnátnice;5313;Ústí nad Orlicí;855;408;447;118;46;72;601;298;303;136;64;72
616489.571266673;5536083.02213888;580279;Horní Čermná;5306;Lanškroun;998;505;493;132;69;63;670;346;324;196;90;106
622166.42975389;5536046.61416684;580295;Horní Heřmanice;5306;Lanškroun;504;249;255;79;39;40;309;163;146;116;47;69
594872.383757064;5531424.63460943;580325;Sloupnice;5307;Litomyšl;1713;830;883;241;118;123;1116;579;537;356;133;223
614539.725111052;5534042.7602586;580333;Horní Třešňovec;5306;Lanškroun;627;320;307;107;52;55;418;227;191;102;41;61
585392.561807191;5529481.89720405;580341;Hrušová;5314;Vysoké Mýto;338;171;167;40;24;16;245;126;119;53;21;32
586221.208458327;5539815.48312625;580350;Choceň;5314;Vysoké Mýto;8786;4320;4466;1354;707;647;5601;2853;2748;1831;760;1071
614938.77640779;5543130.79433466;580376;Jablonné nad Orlicí;5315;Žamberk;3161;1544;1617;457;237;220;2129;1054;1075;575;253;322
617453.718236143;5544483.02176729;580392;Jamné nad Orlicí;5315;Žamberk;685;347;338;106;49;57;452;237;215;127;61;66
583141.02306125;5526835.6376856;580406;Javorník;5314;Vysoké Mýto;266;138;128;40;19;21;177;101;76;49;18;31
593862.68860267;5536278.4669375;580414;Jehnědí;5313;Ústí nad Orlicí;320;156;164;48;18;30;220;117;103;52;21;31
602893.873626091;5552862.16493495;580422;Kameničná;5315;Žamberk;311;142;169;39;19;20;219;104;115;53;19;34
611620.55870278;5553356.28134089;580431;Klášterec nad Orlicí;5315;Žamberk;884;465;419;145;74;71;593;324;269;146;67;79
589671.745746659;5543424.47596747;580465;Koldín;5314;Vysoké Mýto;349;180;169;62;32;30;225;121;104;62;27;35
625198.62567945;5550531.44566491;580481;Králíky;5305;Králíky;4300;2147;2153;603;304;299;2825;1463;1362;872;380;492
621930.853644384;5523823.75337552;580490;Krasíkov;5306;Lanškroun;323;157;166;55;28;27;216;103;113;52;26;26
607382.277865032;5554460.38795754;580503;Kunvald;5315;Žamberk;974;483;491;139;62;77;659;342;317;176;79;97
615394.782294639;5530667.01124363;580511;Lanškroun;5306;Lanškroun;10031;4773;5258;1461;718;743;6580;3225;3355;1990;830;1160
608794.103984357;5542765.49299321;580538;Letohrad;5315;Žamberk;6238;3086;3152;954;484;470;4157;2107;2050;1127;495;632
580720.722587546;5526371.56821373;580562;Libecina;5314;Vysoké Mýto;182;93;89;27;12;15;113;60;53;42;21;21
619353.101246547;5550093.13361129;580571;Lichkov;5305;Králíky;522;265;257;78;38;40;359;188;171;85;39;46
608814.366970728;5549006.39787406;580589;Líšnice;5315;Žamberk;742;378;364;122;65;57;486;255;231;134;58;76
619709.326586392;5527773.02074283;580619;Lubník;5306;Lanškroun;351;178;173;66;32;34;248;129;119;37;17;20
606351.863508833;5546189.26791727;580627;Lukavice;5315;Žamberk;1133;564;569;203;97;106;764;395;369;166;72;94
614771.690358988;5525167.71918508;580635;Luková;5306;Lanškroun;726;380;346;122;64;58;482;266;216;122;50;72
612817.469274969;5542871.83659761;580643;Mistrovice;5315;Žamberk;574;311;263;94;59;35;376;203;173;104;49;55
616120.902636936;5550602.8490956;580651;Mladkov;5305;Králíky;530;283;247;63;27;36;380;214;166;87;42;45
590398.258798475;5540643.70414951;580660;Mostek;5314;Vysoké Mýto;248;126;122;50;27;23;168;83;85;30;16;14
590530.040786081;5542225.11098185;580678;Nasavrky;5314;Vysoké Mýto;126;65;61;13;5;8;86;48;38;27;12;15
611296.414087844;5546657.94125129;580686;Nekoř;5315;Žamberk;933;484;449;152;91;61;633;326;307;148;67;81
597798.287652219;5528074.45258962;580694;Němčice;5307;Litomyšl;959;501;458;184;98;86;633;336;297;142;67;75
591013.387968808;5536619.83026198;580708;Svatý Jiří;5314;Vysoké Mýto;309;156;153;51;25;26;196;101;95;62;30;32
595826.479880953;5539664.55538189;580716;Orlické Podhůří;5313;Ústí nad Orlicí;686;339;347;142;69;73;441;225;216;103;45;58
620305.591367421;5543946.56321632;580724;Orličky;5315;Žamberk;308;155;153;62;32;30;201;104;97;45;19;26
610401.656580754;5532296.27323608;580732;Ostrov;5306;Lanškroun;687;367;320;139;77;62;467;251;216;81;39;42
591624.39213647;5538154.95799431;580741;Oucmanice;5314;Vysoké Mýto;226;109;117;43;21;22;150;72;78;33;16;17
612199.676988534;5550068.73064652;580759;Pastviny;5315;Žamberk;363;181;182;68;34;34;216;115;101;79;32;47
610566.257909847;5538955.73876032;580767;Petrovice;5306;Lanškroun;245;119;126;44;20;24;162;85;77;39;14;25
603571.880145238;5544884.04713494;580775;Písečná;5315;Žamberk;538;276;262;115;66;49;365;187;178;58;23;35
584182.681680659;5544808.47143565;580783;Plchovice;5314;Vysoké Mýto;73;41;32;6;3;3;49;30;19;18;8;10
592356.75518899;5541535.04098317;580805;Podlesí;5314;Vysoké Mýto;284;142;142;48;24;24;189;95;94;47;23;24
600209.854015419;5530922.28486874;580821;Přívrat;5301;Česká Třebová;353;175;178;60;25;35;241;127;114;52;23;29
579355.242135835;5527629.66141924;580830;Pustina;5314;Vysoké Mýto;65;36;29;6;4;2;37;23;14;22;9;13
611721.977495808;5528614.89185974;580848;Rudoltice;5306;Lanškroun;1849;918;931;357;194;163;1278;627;651;214;97;117
599139.597113216;5533520.51195204;580872;Řetová;5313;Ústí nad Orlicí;677;332;345;106;51;55;439;222;217;132;59;73
597034.868942537;5534666.19674309;580881;Řetůvka;5313;Ústí nad Orlicí;275;140;135;42;21;21;172;90;82;61;29;32
593251.994386514;5542275.34045919;580902;Seč;5314;Vysoké Mýto;156;85;71;23;14;9;107;62;45;26;9;17
587666.046503348;5542956.67805674;580929;Skořenice;5314;Vysoké Mýto;400;212;188;54;35;19;280;144;136;66;33;33
583291.073164452;5537191.53461179;580945;Slatina;5314;Vysoké Mýto;415;202;213;69;30;39;288;148;140;58;24;34
596593.916128811;5545744.80073135;580961;Sopotnice;5313;Ústí nad Orlicí;932;475;457;144;75;69;611;314;297;177;86;91
584136.780144942;5538818.54361381;580970;Sruby;5314;Vysoké Mýto;591;304;287;101;58;43;370;190;180;120;56;64
622560.01916317;5529717.83543917;580988;Strážná;5306;Lanškroun;105;56;49;22;11;11;63;38;25;20;7;13
613569.680715127;5547343.22999267;580996;Studené;5315;Žamberk;180;89;91;34;20;14;117;58;59;29;11;18
594408.715486523;5538020.13968044;581003;Sudislav nad Orlicí;5313;Ústí nad Orlicí;133;69;64;29;18;11;94;46;48;10;5;5
592213.834725463;5543876.28659042;581011;Sudslava;5314;Vysoké Mýto;189;89;100;29;15;14;130;60;70;30;14;16
609898.442243054;5545093.675244;581038;Šedivec;5315;Žamberk;213;112;101;43;28;15;135;70;65;35;14;21
623281.501835761;5526328.71547283;581046;Tatenice;5306;Lanškroun;854;435;419;131;74;57;607;309;298;116;52;64
617101.542164475;5547351.68654553;581054;Těchonín;5315;Žamberk;595;307;288;89;45;44;373;198;175;133;64;69
587286.891418769;5532986.32968422;581062;Tisová;5314;Vysoké Mýto;568;279;289;89;40;49;370;187;183;109;52;57
607785.221135161;5524640.40082614;581071;Třebovice;5301;Česká Třebová;776;410;366;114;63;51;536;288;248;126;59;67
582516.704809797;5542622.97625625;581089;Újezd u Chocně;5314;Vysoké Mýto;326;163;163;46;25;21;237;126;111;43;12;31
594999.228896488;5542976.06899584;581101;Velká Skrovnice;5313;Ústí nad Orlicí;269;137;132;37;25;12;178;88;90;54;24;30
612049.554466149;5540471.83792584;581119;Verměřovice;5315;Žamberk;742;359;383;141;71;70;506;250;256;95;38;57
597438.707494985;5529739.50206836;581127;Vlčkov;5307;Litomyšl;96;52;44;15;5;10;67;38;29;14;9;5
593115.713416663;5534253.06542755;581143;Voděrady;5313;Ústí nad Orlicí;333;166;167;38;16;22;234;125;109;61;25;36
578579.244109667;5534702.00591266;581151;Vraclav;5314;Vysoké Mýto;777;405;372;136;71;65;496;267;229;145;67;78
619603.380878548;5538562.08035203;581178;Výprachtice;5306;Lanškroun;994;493;501;184;93;91;645;317;328;165;83;82
582200.390082088;5532995.22820516;581186;Vysoké Mýto;5314;Vysoké Mýto;12404;6104;6300;2002;1046;956;8226;4170;4056;2176;888;1288
581049.048542108;5528304.67627305;581194;Zádolí;5314;Vysoké Mýto;86;48;38;12;9;3;52;26;26;22;13;9
598876.288634586;5549820.22970477;581208;Záchlumí;5315;Žamberk;750;368;382;120;56;64;523;268;255;107;44;63
588889.985607789;5535555.50856922;581216;Zálší;5314;Vysoké Mýto;225;111;114;31;16;15;163;85;78;31;10;21
580001.03173098;5537730.75840753;581224;Zámrsk;5314;Vysoké Mýto;731;376;355;107;44;63;485;266;219;139;66;73
589356.788454482;5538467.70187944;581232;Zářecká Lhota;5314;Vysoké Mýto;195;90;105;41;21;20;131;62;69;23;7;16
605386.316371383;5549661.63667298;581259;Žamberk;5315;Žamberk;6062;2984;3078;941;505;436;4025;2027;1998;1096;452;644
601758.703910685;5543646.80213304;581267;Žampach;5315;Žamberk;279;172;107;26;9;17;220;147;73;33;16;17
617834.224802422;5526016.55978284;581275;Žichlínek;5306;Lanškroun;991;503;488;190;90;100;670;349;321;131;64;67
620301.909916078;5469140.37542118;581283;Blansko;6201;Blansko;20664;10033;10631;2997;1543;1454;13477;6761;6716;4190;1729;2461
620567.25835744;5461774.23074831;581291;Adamov;6201;Blansko;4593;2268;2325;671;348;323;3034;1542;1492;888;378;510
605745.455737463;5480074.95220303;581313;Bedřichov;6202;Boskovice;248;127;121;39;18;21;166;92;74;43;17;26
600040.144194648;5477365.78195413;581321;Běleč;6217;Tišnov;189;96;93;26;14;12;122;65;57;41;17;24
628885.721012615;5486457.12962166;581330;Benešov;6202;Boskovice;654;321;333;100;46;54;427;221;206;127;54;73
621275.125386245;5493887.32766723;581356;Borotín;6202;Boskovice;408;193;215;48;22;26;267;131;136;93;40;53
615234.990425244;5476579.10988083;581364;Bořitov;6201;Blansko;1318;652;666;207;106;101;878;446;432;233;100;133
620876.698874726;5483969.51901167;581372;Boskovice;6202;Boskovice;11566;5502;6064;1765;886;879;7545;3707;3838;2256;909;1347
609489.562195521;5474720.58247265;581381;Brťov-Jeneč;6201;Blansko;362;169;193;62;25;37;232;116;116;68;28;40
603639.648515282;5480087.56067148;581402;Brumov;6217;Tišnov;234;119;115;37;17;20;154;84;70;43;18;25
626972.992349943;5460369.99158924;581429;Březina (dříve okres Blansko);6216;Šlapanice;968;466;502;217;101;116;599;295;304;152;70;82
607940.892343353;5473819.95031039;581437;Bukovice;6217;Tišnov;68;37;31;14;7;7;37;21;16;17;9;8
629009.100866885;5462040.18692708;581445;Bukovina;6201;Blansko;389;185;204;83;40;43;252;121;131;54;24;30
631354.372662882;5462217.79220806;581453;Bukovinka;6201;Blansko;561;272;289;133;68;65;342;167;175;86;37;49
611906.516291956;5476146.07592773;581461;Býkovice;6201;Blansko;216;110;106;35;27;8;146;68;78;35;15;20
624436.647469863;5493579.98423364;581470;Cetkovice;6202;Boskovice;745;378;367;99;55;44;520;269;251;126;54;72
614631.553691523;5472835.98716307;581496;Černá Hora;6201;Blansko;2088;968;1120;383;188;195;1312;638;674;393;142;251
601814.800205203;5482346.87762537;581500;Černovice;6202;Boskovice;371;188;183;71;40;31;224;118;106;76;30;46
612553.735327202;5497161.62613345;581518;Deštná;6202;Boskovice;224;112;112;25;12;13;151;79;72;48;21;27
609049.607445812;5476390.94997195;581526;Dlouhá Lhota;6201;Blansko;127;71;56;23;17;6;84;47;37;20;7;13
617915.209851119;5484799.07606538;581534;Chrudichromy;6202;Boskovice;184;101;83;27;15;12;127;69;58;30;17;13
618777.395500846;5477725.33144769;581542;Doubravice nad Svitavou;6201;Blansko;1341;685;656;191;92;99;904;482;422;246;111;135
611364.260947696;5480933.25845603;581551;Drnovice;6202;Boskovice;1258;631;627;218;118;100;871;439;432;169;74;95
624368.153472071;5463512.72630222;581569;Habrůvka;6201;Blansko;428;211;217;90;48;42;262;130;132;76;33;43
610011.147872707;5470925.60645885;581577;Hluboké Dvory;6217;Tišnov;81;45;36;11;8;3;54;30;24;16;7;9
602250.048108716;5484200.51298925;581593;Hodonín;6202;Boskovice;121;57;64;12;6;6;82;43;39;27;8;19
629336.943023209;5474629.61745017;581615;Holštejn;6201;Blansko;164;86;78;30;18;12;95;54;41;39;14;25
606647.997866509;5493810.49659096;581631;Horní Poříčí;6202;Boskovice;278;143;135;32;19;13;202;107;95;44;17;27
615935.341094019;5480979.50883425;581666;Jabloňany;6202;Boskovice;391;208;183;60;36;24;272;151;121;59;21;38
628590.243625818;5465866.53223261;581682;Jedovnice;6201;Blansko;2745;1356;1389;433;209;224;1790;928;862;522;219;303
604049.613609654;5493541.28291184;581721;Kněževes;6202;Boskovice;183;99;84;30;22;8;120;61;59;33;16;17
622579.777766224;5488451.60063438;581739;Knínice;6202;Boskovice;896;448;448;158;82;76;585;297;288;153;69;84
626619.273146068;5487898.80580858;581755;Kořenec;6202;Boskovice;341;169;172;58;27;31;219;122;97;64;20;44
629746.993298347;5469176.9370376;581763;Kotvrdovice;6201;Blansko;888;436;452;135;65;70;582;303;279;171;68;103
605508.61364776;5477420.95861218;581771;Kozárov;6202;Boskovice;127;62;65;22;11;11;77;36;41;28;15;13
628833.886614377;5470375.78299904;581780;Krasová;6201;Blansko;366;182;184;74;38;36;232;117;115;60;27;33
614651.840970695;5479134.39252406;581798;Krhov;6202;Boskovice;147;75;72;24;11;13;95;52;43;28;12;16
608089.836085981;5491302.64773334;581801;Křetín;6202;Boskovice;510;249;261;86;43;43;323;163;160;101;43;58
602068.296637139;5488734.83193891;581810;Křtěnov;6202;Boskovice;220;113;107;26;11;15;155;82;73;39;20;19
627120.576247889;5463352.16560041;581828;Křtiny;6201;Blansko;823;402;421;127;65;62;504;261;243;192;76;116
634008.699257947;5471239.60388205;581836;Kulířov;6201;Blansko;170;86;84;14;7;7;106;62;44;50;17;33
607673.412624821;5478204.05543305;581844;Kunčina Ves;6202;Boskovice;53;29;24;9;5;4;35;20;15;9;4;5
607673.266467497;5482002.07386748;581852;Kunice;6202;Boskovice;165;87;78;39;20;19;96;52;44;30;15;15
621858.489168628;5476710.77467143;581861;Kuničky;6201;Blansko;288;136;152;49;24;25;184;91;93;55;21;34
608982.943477428;5484293.72455117;581879;Kunštát;6202;Boskovice;2783;1363;1420;502;258;244;1841;939;902;440;166;274
610512.209739775;5491582.68807312;581887;Lazinov;6202;Boskovice;162;82;80;22;14;8;104;53;51;36;15;21
612447.084283805;5468588.84944919;581909;Lažany;6201;Blansko;421;202;219;64;29;35;288;145;143;69;28;41
614236.881862515;5491183.95729398;581917;Letovice;6202;Boskovice;6746;3325;3421;1020;528;492;4366;2256;2110;1360;541;819
618099.091527312;5480646.17600803;581925;Lhota Rapotina;6202;Boskovice;416;212;204;68;33;35;271;145;126;77;34;43
607961.5039506;5480466.77193022;581933;Lhota u Lysic;6202;Boskovice;135;72;63;19;8;11;83;49;34;33;15;18
600295.636377103;5489310.57961644;581941;Lhota u Olešnice;6202;Boskovice;37;22;15;3;3;0;24;14;10;10;5;5
630941.035950971;5472322.82981335;581950;Lipovec;6201;Blansko;1121;567;554;175;85;90;751;398;353;195;84;111
613516.418985873;5467095.78700791;581968;Lipůvka;6201;Blansko;1282;619;663;223;108;115;816;406;410;243;105;138
601981.904119508;5473030.32141622;581976;Lomnice;6217;Tišnov;1382;685;697;214;109;105;942;489;453;226;87;139
610839.221528592;5472272.09602394;581992;Lubě;6201;Blansko;99;48;51;10;7;3;67;33;34;22;8;14
611901.52676582;5478914.11161446;582018;Lysice;6202;Boskovice;1920;962;958;320;164;156;1261;648;613;339;150;189
607470.405978217;5486366.32941706;582026;Makov;6202;Boskovice;49;20;29;8;2;6;27;13;14;14;5;9
612287.353360309;5472025.30792538;582034;Malá Lhota;6201;Blansko;136;67;69;11;9;2;92;43;49;33;15;18
618438.351867779;5496249.11756042;582042;Malá Roudka;6202;Boskovice;191;95;96;25;11;14;137;72;65;29;12;17
616272.64103079;5486973.15015137;582069;Míchov;6202;Boskovice;170;85;85;34;19;15;110;59;51;26;7;19
613702.593637944;5469465.19980881;582077;Milonice;6201;Blansko;176;94;82;24;11;13;119;67;52;33;16;17
623471.659947654;5478538.77281585;582085;Němčice;6202;Boskovice;428;224;204;57;36;21;291;154;137;80;34;46
612096.256605148;5486753.31543559;582107;Nýrov;6202;Boskovice;197;98;99;27;17;10;129;65;64;41;16;25
616334.512559623;5479274.19298759;582115;Obora;6202;Boskovice;313;153;160;51;28;23;208;104;104;54;21;33
600490.418001427;5475520.89589597;582123;Ochoz u Tišnova;6217;Tišnov;119;56;63;16;8;8;78;36;42;25;12;13
625536.161343158;5485592.98841774;582131;Okrouhlá;6202;Boskovice;576;293;283;87;42;45;397;215;182;92;36;56
602581.32083502;5491270.1804595;582158;Olešnice;6202;Boskovice;1711;843;868;263;144;119;1119;554;565;329;145;184
621311.22877638;5465059.42054009;582166;Olomučany;6201;Blansko;1017;519;498;182;95;87;642;332;310;193;92;101
601707.134889363;5479619.69656759;582174;Osiky;6217;Tišnov;145;75;70;30;13;17;89;54;35;26;8;18
626981.329652991;5471984.25506716;582182;Ostrov u Macochy;6201;Blansko;1115;572;543;155;88;67;729;385;344;231;99;132
619259.329777077;5489751.23421916;582191;Pamětice;6202;Boskovice;246;129;117;44;25;19;173;91;82;29;13;16
607282.316770943;5487913.72304009;582204;Petrov;6202;Boskovice;135;71;64;16;11;5;93;50;43;26;10;16
623056.270252906;5474326.4574688;582212;Petrovice;6201;Blansko;637;314;323;103;57;46;428;208;220;106;49;57
607833.471899967;5492802.97082111;582221;Prostřední Poříčí;6202;Boskovice;280;152;128;38;24;14;192;104;88;50;24;26
619264.72844941;5475023.41907957;582239;Rájec-Jestřebí;6201;Blansko;3707;1870;1837;588;309;279;2399;1244;1155;720;317;403
620117.144504501;5472654.75138674;582247;Ráječko;6201;Blansko;1306;663;643;190;101;89;904;464;440;212;98;114
605209.642884698;5474827.84314184;582255;Rašov;6217;Tišnov;230;125;105;34;16;18;147;85;62;49;24;25
607145.72600531;5472216.61300981;582263;Rohozec;6217;Tišnov;232;115;117;35;17;18;154;83;71;43;15;28
605683.664448332;5486288.27789016;582271;Rozseč nad Kunštátem;6202;Boskovice;546;284;262;113;62;51;361;188;173;72;34;38
605687.353057145;5489413.78236886;582280;Rozsíčka;6202;Boskovice;144;76;68;19;10;9;97;53;44;28;13;15
625085.143460078;5466233.41120975;582298;Rudice;6201;Blansko;969;479;490;202;102;100;592;301;291;175;76;99
613966.552927381;5483727.72212947;582310;Sebranice;6202;Boskovice;621;320;301;104;54;50;418;217;201;99;49;50
631266.516737286;5467202.16632246;582328;Senetářov;6201;Blansko;549;263;286;107;47;60;349;176;173;93;40;53
616244.757485387;5482614.83664058;582336;Skalice nad Svitavou;6202;Boskovice;622;302;320;105;52;53;416;212;204;101;38;63
612003.85038325;5493154.51592083;582344;Skrchov;6202;Boskovice;113;53;60;20;7;13;78;40;38;15;6;9
626265.452614327;5476810.39035688;582352;Sloup;6201;Blansko;960;470;490;162;73;89;618;322;296;180;75;105
604240.726750833;5477514.69244588;582379;Strhaře;6217;Tišnov;119;61;58;12;7;5;80;44;36;27;10;17
620387.309681332;5487232.62063576;582395;Sudice;6202;Boskovice;466;238;228;76;42;34;310;164;146;80;32;48
628825.105322015;5482944.44338109;582409;Suchý;6202;Boskovice;441;223;218;75;45;30;297;151;146;69;27;42
607719.888879364;5489090.74855925;582417;Sulíkov;6202;Boskovice;296;150;146;50;25;25;197;103;94;49;22;27
614373.931052765;5464544.423659;582433;Svinošice;6201;Blansko;352;182;170;72;41;31;227;115;112;53;26;27
616202.628398276;5485260.54491061;582441;Svitávka;6202;Boskovice;1793;870;923;292;145;147;1206;618;588;295;107;188
602182.315106535;5477226.55335617;582450;Synalov;6217;Tišnov;118;64;54;16;11;5;73;42;31;29;11;18
624608.258363144;5490347.01654935;582468;Šebetov;6202;Boskovice;864;365;499;100;43;57;587;254;333;177;68;109
616472.709719926;5466235.37126115;582476;Šebrov-Kateřina;6201;Blansko;796;364;432;161;70;91;499;237;262;136;57;79
627350.082388631;5474945.20844056;582484;Šošůvka;6201;Blansko;693;357;336;90;44;46;476;267;209;127;46;81
609130.113463102;5478737.82288311;582492;Štěchov;6202;Boskovice;177;92;85;23;13;10;123;67;56;31;12;19
604422.018638062;5483584.83690639;582506;Tasovice;6202;Boskovice;74;37;37;14;7;7;43;23;20;17;7;10
625338.76322618;5495528.53866802;582531;Uhřice;6202;Boskovice;304;141;163;35;14;21;201;102;99;68;25;43
611935.37129131;5469825.27451333;582557;Újezd u Černé Hory;6201;Blansko;260;131;129;43;21;22;182;94;88;35;16;19
608647.740873024;5471152.44550838;582565;Unín;6217;Tišnov;227;117;110;36;12;24;156;92;64;35;13;22
628300.342259384;5494403.07810626;582573;Úsobrno;6202;Boskovice;430;208;222;57;27;30;254;127;127;119;54;65
625121.478691243;5480860.76978831;582581;Valchov;6202;Boskovice;462;235;227;76;37;39;304;160;144;82;38;44
620123.691593945;5491823.44019608;582590;Vanovice;6202;Boskovice;527;263;264;64;30;34;376;192;184;87;41;46
624363.343458572;5472258.3805156;582603;Vavřinec;6201;Blansko;872;437;435;123;69;54;564;287;277;185;81;104
622291.664155032;5486451.11592219;582611;Vážany;6202;Boskovice;230;111;119;47;21;26;138;71;67;45;19;26
610573.811707226;5493676.74196474;582620;Stvolová;6202;Boskovice;160;85;75;28;14;14;98;55;43;34;16;18
619735.147502639;5496362.9676343;582646;Velké Opatovice;6202;Boskovice;3799;1939;1860;533;277;256;2541;1347;1194;725;315;410
626400.524437428;5469276.54391658;582654;Vilémovice;6201;Blansko;329;161;168;42;16;26;207;108;99;80;37;43
617454.030525569;5488456.21380886;582662;Vísky;6202;Boskovice;247;125;122;46;25;21;163;83;80;38;17;21
613684.682979922;5481570.59560354;582671;Voděrady;6202;Boskovice;511;249;262;84;43;41;337;174;163;90;32;58
609908.825347125;5490007.00089278;582689;Vranová;6202;Boskovice;353;174;179;54;26;28;241;120;121;58;28;30
629873.195267858;5477773.16788078;582701;Vysočany;6201;Blansko;788;392;396;122;62;60;520;269;251;146;61;85
610557.411616837;5482395.67602615;582727;Zbraslavec;6202;Boskovice;205;106;99;28;14;14;136;75;61;41;17;24
607155.90037809;5474981.17816733;582735;Zhoř;6217;Tišnov;69;38;31;13;6;7;48;29;19;8;3;5
624014.369962172;5476173.01148271;582743;Žďár;6201;Blansko;390;205;185;50;29;21;261;137;124;79;39;40
628527.339306175;5480554.98713288;582751;Žďárná;6202;Boskovice;762;383;379;124;60;64;514;274;240;124;49;75
612116.443166554;5473871.70344335;582760;Žernovník;6201;Blansko;223;121;102;33;17;16;150;82;68;40;22;18
610936.59082312;5477629.25422595;582778;Žerůtky;6202;Boskovice;60;31;29;6;3;3;39;19;20;15;9;6
615726.776655541;5451655.13491921;582786;Brno;6203;Brno;377028;181890;195138;55325;28230;27095;246583;123423;123160;75120;30237;44883
623086.637721185;5460163.73662374;582794;Babice nad Svitavou;6216;Šlapanice;1152;578;574;213;110;103;747;377;370;192;91;101
598629.063218109;5447876.2591605;582808;Babice u Rosic;6214;Rosice;736;347;389;147;66;81;480;234;246;109;47;62
620599.693537703;5457898.87441422;582824;Bílovice nad Svitavou;6216;Šlapanice;3607;1802;1805;825;447;378;2258;1138;1120;524;217;307
592728.647249609;5439731.87736593;582832;Biskoupky;6208;Ivančice;193;94;99;35;15;20;125;64;61;33;15;18
630323.109875603;5446954.94553223;582841;Blažovice;6216;Šlapanice;1217;609;608;238;126;112;783;396;387;196;87;109
621097.469676241;5434546.60754112;582859;Blučina;6221;Židlochovice;2258;1128;1130;368;200;168;1523;774;749;367;154;213
597706.959571566;5461221.63461164;582875;Braníškov;6217;Tišnov;196;88;108;36;17;19;127;60;67;33;11;22
611289.555667994;5436213.60889743;582883;Bratčice;6221;Židlochovice;712;381;331;92;50;42;501;285;216;119;46;73
603128.048964425;5464392.0744663;582891;Březina (dříve okres Tišnov);6217;Tišnov;310;152;158;39;21;18;201;102;99;70;29;41
607576.947695241;5462933.98227398;582913;Čebín;6209;Kuřim;1775;862;913;328;155;173;1150;580;570;297;127;170
613739.221371931;5459714.09953603;582921;Česká;6209;Kuřim;1005;486;519;168;85;83;656;324;332;181;77;104
593582.945944431;5443762.56359311;582930;Čučice;6208;Ivančice;414;211;203;62;36;26;267;145;122;85;30;55
596930.178501573;5463912.7723278;582948;Deblín;6217;Tišnov;1044;531;513;159;81;78;695;368;327;190;82;108
606812.05365741;5436597.22750758;582956;Dolní Kounice;6208;Ivančice;2428;1214;1214;351;176;175;1704;893;811;373;145;228
597006.767069342;5456280.89441102;582964;Domašov;6214;Rosice;631;312;319;102;50;52;429;219;210;100;43;57
607314.544471384;5466512.66313348;582972;Drásov;6217;Tišnov;1642;816;826;354;182;172;1052;536;516;236;98;138
613216.178487171;5440566.83738412;582999;Hajany;6216;Šlapanice;404;205;199;71;40;31;262;138;124;71;27;44
602024.21172836;5462835.70506766;583014;Heroltice;6217;Tišnov;201;100;101;29;15;14;135;68;67;37;17;20
604117.821922029;5441718.43741266;583022;Hlína;6208;Ivančice;296;148;148;42;13;29;200;109;91;54;26;28
616775.471366817;5436776.59129265;583031;Holasice;6221;Židlochovice;1121;580;541;220;116;104;751;401;350;150;63;87
630469.917782948;5458047.48367478;583057;Hostěnice;6216;Šlapanice;718;366;352;156;84;72;465;244;221;97;38;59
605286.42852535;5464855.01849065;583065;Hradčany;6217;Tišnov;634;314;320;98;51;47;419;212;207;117;51;66
615717.598562842;5432518.34634739;583081;Hrušovany u Brna;6221;Židlochovice;3496;1703;1793;630;312;318;2342;1173;1169;524;218;306
603518.422228109;5455686.91862608;583090;Hvozdec;6209;Kuřim;303;144;159;48;26;22;208;98;110;47;20;27
605580.212703478;5460817.83069234;583111;Chudčice;6209;Kuřim;939;493;446;176;97;79;621;329;292;142;67;75
599360.378376848;5438535.3897669;583120;Ivančice;6208;Ivančice;9606;4706;4900;1446;701;745;6333;3242;3091;1827;763;1064
599644.412246683;5456913.56206203;583154;Javůrek;6214;Rosice;286;135;151;32;14;18;190;94;96;64;27;37
611841.975523034;5457934.4340088;583171;Jinačovice;6209;Kuřim;686;347;339;133;70;63;434;222;212;119;55;64
628740.127550001;5446833.35940722;583189;Jiříkovice;6216;Šlapanice;893;436;457;152;70;82;599;303;296;142;63;79
623340.500558012;5455656.43331751;583197;Kanice;6216;Šlapanice;927;475;452;207;105;102;603;321;282;117;49;68
591277.326385895;5445939.89583015;583201;Ketkovice;6208;Ivančice;606;295;311;82;37;45;409;207;202;115;51;64
626448.387937521;5444078.76733839;583219;Kobylnice;6216;Šlapanice;1077;522;555;209;101;108;692;342;350;176;79;97
632781.357111344;5450994.14849941;583227;Kovalovice;6216;Šlapanice;640;312;328;105;54;51;410;206;204;125;52;73
600233.520428876;5445890.86054504;583235;Kratochvilka;6214;Rosice;466;249;217;69;33;36;313;178;135;84;38;46
607943.55193126;5432834.65612854;583243;Kupařovice;6208;Ivančice;278;146;132;43;27;16;210;112;98;25;7;18
611877.341745756;5461784.40274867;583251;Kuřim;6209;Kuřim;11051;5418;5633;2141;1099;1042;7125;3562;3563;1785;757;1028
600919.667698845;5460148.7140092;583260;Lažánky;6217;Tišnov;717;366;351;113;58;55;474;252;222;130;56;74
613985.261138352;5433559.49387381;583278;Ledce;6221;Židlochovice;210;105;105;29;14;15;140;74;66;41;17;24
614864.334794011;5461574.61290571;583286;Lelekovice;6209;Kuřim;1842;911;931;329;167;162;1178;591;587;335;153;182
595113.50127548;5458528.14365016;583294;Lesní Hluboké;6214;Rosice;221;107;114;37;13;24;144;72;72;40;22;18
597239.339299092;5452891.68896865;583308;Litostrov;6214;Rosice;122;59;63;16;6;10;80;44;36;26;9;17
603900.380382481;5469794.67039596;583316;Lomnička;6217;Tišnov;521;258;263;97;46;51;341;173;168;83;39;44
594305.185279024;5446564.06582756;583324;Lukovany;6214;Rosice;609;293;316;95;51;44;402;201;201;112;41;71
608972.168497904;5431386.09103488;583332;Malešovice;6213;Pohořelice;598;294;304;129;62;67;409;204;205;60;28;32
610356.352159836;5465839.49395472;583341;Malhostovice;6217;Tišnov;963;488;475;158;79;79;640;333;307;165;76;89
598446.495991591;5459412.7285855;583359;Maršov;6217;Tišnov;497;247;250;84;42;42;333;170;163;80;35;45
612011.047583238;5431992.97924593;583367;Medlov;6221;Židlochovice;759;376;383;126;67;59;511;256;255;122;53;69
609009.574484919;5437447.61227346;583375;Mělčany;6208;Ivančice;479;239;240;73;36;37;324;167;157;82;36;46
623821.708348749;5436598.06315813;583383;Měnín;6221;Židlochovice;1857;927;930;320;163;157;1290;662;628;247;102;145
617484.91569591;5442669.4522123;583391;Modřice;6216;Šlapanice;5053;2449;2604;830;405;425;3295;1666;1629;928;378;550
626612.936401318;5453595.90979182;583405;Mokrá-Horákov;6216;Šlapanice;2772;1321;1451;457;213;244;1819;904;915;496;204;292
614931.971144487;5444727.42069192;583413;Moravany;6216;Šlapanice;2619;1255;1364;588;297;291;1737;833;904;294;125;169
604272.750691669;5438562.69813538;583421;Moravské Bránice;6208;Ivančice;992;492;500;153;77;76;672;344;328;167;71;96
609006.162364503;5460431.85168047;583430;Moravské Knínice;6209;Kuřim;901;443;458;163;85;78;574;281;293;164;77;87
626873.35382241;5434426.38420068;583448;Moutnice;6221;Židlochovice;1170;596;574;178;90;88;801;422;379;191;84;107
612545.44293179;5444343.47413802;583456;Nebovidy;6216;Šlapanice;737;358;379;147;67;80;499;253;246;91;38;53
600081.053055257;5466184.5902362;583464;Nelepeč-Žernůvka;6217;Tišnov;84;34;50;6;3;3;42;20;22;36;11;25
610448.398619926;5434226.34812937;583472;Němčičky;6208;Ivančice;320;151;169;53;25;28;225;105;120;42;21;21
601723.789995492;5444115.60262666;583481;Neslovice;6208;Ivančice;893;433;460;136;71;65;618;308;310;139;54;85
628378.575324859;5436137.31304981;583499;Nesvačilka;6221;Židlochovice;328;169;159;43;27;16;236;120;116;49;22;27
595017.079997984;5440614.50633445;583502;Nová Ves;6208;Ivančice;772;369;403;120;48;72;538;274;264;114;47;67
604272.125529724;5435891.38595894;583511;Nové Bránice;6208;Ivančice;723;350;373;116;56;60;475;236;239;132;58;74
609667.812928173;5429383.80802525;583529;Odrovice;6213;Pohořelice;215;108;107;36;15;21;156;82;74;23;11;12
626973.604055028;5457622.89416444;583537;Ochoz u Brna;6216;Šlapanice;1344;677;667;212;107;105;879;456;423;253;114;139
605086.626783121;5448003.02971239;583545;Omice;6216;Šlapanice;781;393;388;121;63;58;515;270;245;145;60;85
620069.80169546;5437152.9824337;583553;Opatovice;6221;Židlochovice;1094;537;557;180;84;96;723;386;337;191;67;124
610721.859143846;5440840.22137448;583561;Ořechov;6216;Šlapanice;2665;1329;1336;491;256;235;1615;829;786;559;244;315
597329.327994404;5443126.32257227;583588;Oslavany;6208;Ivančice;4653;2352;2301;673;354;319;3127;1633;1494;853;365;488
612653.685814145;5446140.74065852;583596;Ostopovice;6216;Šlapanice;1646;829;817;286;156;130;1036;521;515;324;152;172
603770.956521188;5451160.9276126;583600;Ostrovačice;6214;Rosice;716;370;346;125;73;52;476;246;230;115;51;64
625876.55277652;5450075.65664055;583634;Podolí;6216;Šlapanice;1426;743;683;266;155;111;913;487;426;247;101;146
617559.620148966;5440129.60225776;583651;Popovice;6221;Židlochovice;351;159;192;66;32;34;222;101;121;63;26;37
607447.574619589;5448937.53499096;583669;Popůvky;6216;Šlapanice;1504;744;760;348;179;169;1010;498;512;146;67;79
632044.563930749;5453884.78934501;583677;Pozořice;6216;Šlapanice;2255;1123;1132;412;230;182;1463;733;730;380;160;220
628832.233621081;5444203.75099706;583685;Prace;6216;Šlapanice;959;482;477;177;89;88;613;317;296;169;76;93
608592.800109181;5434806.38172444;583693;Pravlov;6208;Ivančice;582;319;263;91;49;42;399;223;176;92;47;45
606993.441414485;5442096.13678201;583707;Prštice;6216;Šlapanice;938;464;474;141;64;77;623;328;295;174;72;102
596129.047333231;5450208.5355572;583715;Příbram na Moravě;6214;Rosice;624;312;312;103;55;48;383;201;182;138;56;82
593132.388689082;5459870.90219062;583723;Přibyslavice;6214;Rosice;493;239;254;82;44;38;337;166;171;74;29;45
618744.964282964;5427989.52989718;583731;Přísnotice;6221;Židlochovice;866;423;443;128;60;68;576;293;283;162;70;92
607653.236421354;5443465.34431289;583740;Radostice;6216;Šlapanice;775;396;379;122;58;64;519;280;239;134;58;76
616751.20371889;5438569.55822374;583758;Rajhrad;6221;Židlochovice;3609;1767;1842;674;366;308;2286;1125;1161;649;276;373
620003.144696312;5439259.4212939;583766;Rajhradice;6221;Židlochovice;1378;657;721;237;103;134;942;478;464;199;76;123
620177.095127013;5440955.80685717;583774;Rebešovice;6216;Šlapanice;958;468;490;189;90;99;657;328;329;112;50;62
600937.270598693;5449111.44008907;583782;Rosice;6214;Rosice;5973;2942;3031;1021;525;496;3940;2003;1937;1012;414;598
610504.893096995;5456585.22298646;583791;Rozdrojovice;6209;Kuřim;986;485;501;180;89;91;647;325;322;159;71;88
595841.462259371;5455043.43059819;583804;Rudka;6214;Rosice;366;180;186;55;29;26;244;126;118;67;25;42
623258.541766429;5457596.33975773;583821;Řícmanice;6216;Šlapanice;778;389;389;145;75;70;488;245;243;145;69;76
600527.650700905;5452394.81775975;583839;Říčany;6214;Rosice;2009;999;1010;355;187;168;1264;633;631;390;179;211
604684.314586506;5462662.95603172;583847;Sentice;6217;Tišnov;606;304;302;110;51;59;379;199;180;117;54;63
606664.4084605;5439990.39017827;583855;Silůvky;6216;Šlapanice;826;413;413;118;59;59;551;296;255;157;58;99
629843.954230359;5452108.69259594;583863;Sivice;6216;Šlapanice;1059;521;538;178;93;85;702;352;350;179;76;103
613880.120941369;5435505.64792252;583880;Sobotovice;6221;Židlochovice;548;271;277;89;51;38;370;186;184;89;34;55
625051.504157592;5442114.00954264;583898;Sokolnice;6216;Šlapanice;2346;1152;1194;439;216;223;1532;790;742;375;146;229
591869.981549529;5454944.88878196;583901;Stanoviště;6214;Rosice;385;192;193;81;42;39;244;130;114;60;20;40
609108.652369465;5445201.17748792;583910;Střelice;6216;Šlapanice;2874;1460;1414;474;247;227;1832;964;868;568;249;319
595313.048400874;5461348.46960783;583928;Svatoslav;6217;Tišnov;432;213;219;69;40;29;282;137;145;81;36;45
613265.711668158;5437729.82521859;583936;Syrovice;6221;Židlochovice;1597;832;765;372;208;164;1037;545;492;188;79;109
604480.373713962;5471967.30588384;583944;Šerkovice;6217;Tišnov;258;128;130;44;22;22;175;89;86;39;17;22
625682.242184365;5447225.67870543;583952;Šlapanice;6216;Šlapanice;7339;3575;3764;1211;622;589;4672;2324;2348;1456;629;827
600833.193285499;5470223.36060936;583961;Štěpánovice;6217;Tišnov;495;251;244;76;46;30;330;160;170;89;45;44
624542.328672807;5440109.89169572;583979;Telnice;6216;Šlapanice;1593;788;805;285;155;130;1058;525;533;250;108;142
603560.234299911;5445736.45844023;583987;Tetčice;6214;Rosice;1160;590;570;180;92;88;763;399;364;217;99;118
629947.785115657;5434610.43314878;583995;Těšany;6221;Židlochovice;1220;603;617;195;96;99;831;431;400;194;76;118
604080.696544442;5467398.35919545;584002;Tišnov;6217;Tišnov;9101;4266;4835;1635;830;805;5678;2722;2956;1788;714;1074
606146.977225063;5433951.58348913;584011;Trboušany;6208;Ivančice;366;186;180;60;34;26;247;130;117;59;22;37
609435.878833475;5447472.78731164;584029;Troubsko;6216;Šlapanice;2226;1082;1144;370;197;173;1510;740;770;346;145;201
629044.54683347;5450312.5691909;584037;Tvarožná;6216;Šlapanice;1281;620;661;210;107;103;840;410;430;231;103;128
628720.730470132;5439929.55411892;584045;Újezd u Brna;6216;Šlapanice;3244;1571;1673;525;280;245;2099;1049;1050;620;242;378
592056.983597789;5452290.94146764;584053;Újezd u Rosic;6214;Rosice;273;147;126;45;24;21;173;101;72;55;22;33
616033.197638006;5430822.22495589;584061;Unkovice;6221;Židlochovice;724;369;355;113;54;59;490;256;234;121;59;62
598878.336761255;5465382.31343253;584070;Úsuší;6217;Tišnov;138;69;69;23;12;11;92;49;43;23;8;15
627629.73988856;5450712.48132225;584096;Velatice;6216;Šlapanice;699;347;352;120;54;66;480;246;234;99;47;52
603997.853718453;5458387.09611325;584100;Veverská Bítýška;6209;Kuřim;3126;1527;1599;502;257;245;2025;1013;1012;599;257;342
602384.704445746;5454430.96925821;584118;Veverské Knínice;6214;Rosice;939;478;461;155;87;68;627;325;302;157;66;91
633581.11361746;5452233.66579961;584126;Viničné Šumice;6216;Šlapanice;1319;653;666;260;134;126;870;439;431;189;80;109
601140.163719052;5464660.69783658;584134;Vohančice;6217;Tišnov;188;93;95;33;13;20;129;70;59;26;10;16
616598.727953327;5434981.36194582;584142;Vojkovice;6221;Židlochovice;1149;573;576;193;97;96;746;371;375;210;105;105
617861.601069606;5462624.22683311;584151;Vranov;6216;Šlapanice;739;367;372;131;67;64;486;245;241;122;55;67
608727.606555522;5468613.72226268;584169;Všechovice;6217;Tišnov;241;118;123;41;23;18;162;82;80;38;13;25
593559.70855048;5448774.13644658;584177;Vysoké Popovice;6214;Rosice;697;336;361;127;61;66;443;222;221;127;53;74
596523.486229838;5447681.67450446;584185;Zakřany;6214;Rosice;740;351;389;102;59;43;516;244;272;122;48;74
594086.583021691;5456366.41388184;584193;Zálesná Zhoř;6214;Rosice;59;30;29;7;4;3;40;20;20;12;6;6
599052.297035479;5449445.9481491;584207;Zastávka;6214;Rosice;2527;1178;1349;387;210;177;1551;761;790;589;207;382
594436.823625485;5453409.71293643;584215;Zbraslav;6214;Rosice;1283;638;645;194;105;89;848;435;413;241;98;143
598754.321983532;5445378.86743787;584223;Zbýšov;6214;Rosice;3840;1889;1951;601;295;306;2494;1282;1212;745;312;433
616107.076671268;5429173.7828729;584231;Žabčice;6221;Židlochovice;1632;803;829;261;142;119;1061;531;530;310;130;180
627156.034425382;5438089.52865179;584240;Žatčany;6221;Židlochovice;799;407;392;128;68;60;536;289;247;135;50;85
614754.381394092;5441412.85391126;584266;Želešice;6216;Šlapanice;1699;863;836;312;168;144;1092;559;533;295;136;159
605628.684110683;5468798.05404001;584274;Železné;6217;Tišnov;458;228;230;57;24;33;331;167;164;70;37;33
618878.900322928;5432702.90969572;584282;Židlochovice;6221;Židlochovice;3773;1866;1907;690;369;321;2395;1227;1168;688;270;418
637904.915607545;5401438.90041131;584291;Břeclav;6204;Břeclav;24941;12012;12929;3544;1807;1737;16854;8395;8459;4543;1810;2733
618558.451698885;5409835.3600651;584304;Bavory;6211;Mikulov;408;204;204;73;39;34;270;137;133;65;28;37
632814.435006691;5425247.33008643;584321;Boleradice;6207;Hustopeče;882;425;457;118;57;61;606;305;301;158;63;95
633312.498449112;5432437.18784422;584339;Borkovany;6207;Hustopeče;808;409;399;128;60;68;538;289;249;142;60;82
636285.489774772;5419295.50947708;584347;Bořetice;6207;Hustopeče;1292;649;643;172;98;74;909;473;436;211;78;133
612694.878433586;5414414.00545444;584355;Brod nad Dyjí;6211;Mikulov;515;245;270;57;24;33;346;177;169;112;44;68
638563.95335158;5425070.16099148;584363;Brumovice;6207;Hustopeče;940;467;473;137;75;62;615;310;305;188;82;106
615341.017612466;5407900.74952708;584371;Březí;6211;Mikulov;1569;801;768;233;128;105;1107;575;532;229;98;131
627604.994245005;5409024.50109586;584380;Bulhary;6204;Břeclav;790;392;398;107;56;51;562;285;277;121;51;70
630530.535078924;5427532.94881338;584401;Diváky;6207;Hustopeče;524;270;254;91;50;41;352;184;168;81;36;45
613316.917719035;5410118.96470407;584410;Dobré Pole;6211;Mikulov;442;215;227;80;39;41;306;157;149;56;19;37
615521.865649525;5412954.44201954;584428;Dolní Dunajovice;6211;Mikulov;1700;849;851;218;126;92;1190;604;586;292;119;173
620299.548036351;5416775.29894613;584436;Dolní Věstonice;6211;Mikulov;313;170;143;38;20;18;206;113;93;69;37;32
608476.294316237;5414354.7847381;584444;Drnholec;6211;Mikulov;1754;874;880;261;140;121;1225;615;610;268;119;149
629493.419045517;5403601.50582923;584452;Hlohovec;6204;Břeclav;1317;655;662;200;96;104;916;484;432;201;75;126
631596.132534377;5422672.65954462;584461;Horní Bojanovice;6207;Hustopeče;672;313;359;93;38;55;461;225;236;118;50;68
618470.2475915;5414786.96227755;584479;Horní Věstonice;6211;Mikulov;462;233;229;74;36;38;308;163;145;80;34;46
643921.108065891;5406974.44783117;584487;Hrušky;6204;Břeclav;1589;779;810;279;131;148;1032;529;503;278;119;159
627135.992540506;5421951.91039243;584495;Hustopeče;6207;Hustopeče;5880;2873;3007;885;456;429;3943;1999;1944;1052;418;634
616324.801624334;5421346.19561501;584517;Ivaň;6213;Pohořelice;701;360;341;96;47;49;472;257;215;133;56;77
606212.225064422;5410379.21642082;584525;Jevišovka;6211;Mikulov;622;306;316;113;50;63;417;215;202;92;41;51
621121.075709316;5411621.50717747;584541;Klentnice;6211;Mikulov;536;234;302;66;38;28;353;166;187;117;30;87
635729.380281142;5429178.28554975;584550;Klobouky u Brna;6207;Hustopeče;2404;1212;1192;386;210;176;1558;830;728;460;172;288
639055.320229787;5422302.18471081;584568;Kobylí;6207;Hustopeče;2090;1015;1075;279;149;130;1402;709;693;409;157;252
643231.466076206;5401597.31106606;584576;Kostice;6204;Břeclav;1886;914;972;270;137;133;1240;630;610;376;147;229
640268.901938893;5427580.14735217;584584;Krumvíř;6207;Hustopeče;1183;579;604;169;79;90;804;414;390;210;86;124
625770.224593597;5428825.09955499;584592;Křepice;6207;Hustopeče;1324;673;651;209;110;99;908;478;430;207;85;122
643955.585355499;5394742.9602833;584622;Lanžhot;6204;Břeclav;3760;1841;1919;547;274;273;2508;1273;1235;705;294;411
631993.870001342;5407162.0712749;584631;Lednice;6204;Břeclav;2324;1139;1185;329;163;166;1555;777;778;440;199;241
621522.284053091;5407800.78833675;584649;Mikulov;6211;Mikulov;7407;3560;3847;1129;588;541;4949;2431;2518;1329;541;788
624897.963283366;5412634.70415697;584657;Milovice;6211;Mikulov;414;199;215;67;25;42;262;135;127;85;39;46
649135.052101435;5407103.38672414;584665;Moravská Nová Ves;6204;Břeclav;2610;1268;1342;400;198;202;1756;883;873;454;187;267
641684.32217314;5409644.39861037;584673;Moravský Žižkov;6204;Břeclav;1439;728;711;206;104;102;1014;537;477;219;87;132
636304.564456116;5425147.72062192;584681;Morkůvky;6207;Hustopeče;459;247;212;69;39;30;307;174;133;83;34;49
634150.419139945;5421648.03098665;584703;Němčičky;6207;Hustopeče;689;344;345;112;61;51;446;225;221;131;58;73
626954.541735432;5429995.34577794;584711;Nikolčice;6207;Hustopeče;762;386;376;117;60;57;506;269;237;139;57;82
620902.695326765;5430494.57828823;584720;Nosislav;6221;Židlochovice;1357;691;666;241;128;113;898;476;422;218;87;131
610641.290717432;5409921.73068605;584746;Novosedly;6211;Mikulov;1157;560;597;192;81;111;784;405;379;181;74;107
610046.425305399;5407195.21184465;584754;Nový Přerov;6211;Mikulov;321;157;164;45;23;22;223;116;107;53;18;35
614524.198939513;5417864.08740441;584762;Pasohlávky;6213;Pohořelice;731;367;364;100;61;39;539;269;270;92;37;55
623315.457152613;5414509.57733358;584771;Pavlov;6211;Mikulov;575;272;303;91;43;48;367;180;187;117;49;68
618668.539982315;5412311.56162948;584789;Perná;6211;Mikulov;772;387;385;112;57;55;534;272;262;126;58;68
635945.259708931;5409923.8170364;584797;Podivín;6204;Břeclav;2933;1463;1470;415;219;196;1953;1020;933;565;224;341
611912.591272719;5424815.20715698;584801;Pohořelice;6213;Pohořelice;4814;2361;2453;721;366;355;3259;1650;1609;834;345;489
622696.778142708;5420892.28125574;584819;Popice;6207;Hustopeče;957;468;489;163;84;79;638;323;315;156;61;95
619158.554004906;5421141.22260275;584835;Pouzdřany;6207;Hustopeče;755;379;376;100;49;51;524;284;240;131;46;85
614985.75701673;5425393.98252158;584843;Přibice;6213;Pohořelice;1036;527;509;161;80;81;683;369;314;192;78;114
629294.340990329;5412326.84974534;584851;Přítluky;6204;Břeclav;786;391;395;119;60;59;518;272;246;149;59;90
633437.699431089;5413549.63980588;584860;Rakvice;6204;Břeclav;2173;1097;1076;319;166;153;1498;781;717;356;150;206
625468.356259547;5404960.16822208;584878;Sedlec;6211;Mikulov;860;438;422;109;54;55;590;323;267;161;61;100
624916.553537744;5423671.53861032;584894;Starovice;6207;Hustopeče;896;438;458;141;77;64;617;306;311;138;55;83
629724.795527123;5418907.03469362;584908;Starovičky;6207;Hustopeče;833;436;397;132;76;56;569;301;268;132;59;73
622542.114141297;5418128.46756173;584916;Strachotín;6207;Hustopeče;801;394;407;112;50;62;520;266;254;169;78;91
626386.445159079;5416915.09236843;584924;Šakvice;6207;Hustopeče;1374;667;707;175;93;82;946;481;465;253;93;160
629846.607907497;5430636.97728091;584932;Šitbořice;6207;Hustopeče;1964;999;965;288;148;140;1335;714;621;341;137;204
646255.128138159;5402334.48057557;584941;Tvrdonice;6204;Břeclav;2053;1028;1025;274;145;129;1410;731;679;369;152;217
648335.307663774;5404359.26000556;584959;Týnec;6204;Břeclav;1107;559;548;163;79;84;742;400;342;202;80;122
621365.739688352;5424283.48566466;584967;Uherčice;6207;Hustopeče;1034;517;517;165;74;91;713;382;331;156;61;95
629499.215253763;5400415.71939279;584975;Valtice;6204;Břeclav;3562;1746;1816;453;228;225;2437;1229;1208;672;289;383
638948.730249713;5413103.32138767;584983;Velké Bílovice;6204;Břeclav;3899;1894;2005;605;300;305;2581;1306;1275;713;288;425
637114.485120627;5433799.31154719;584991;Velké Hostěrádky;6207;Hustopeče;501;250;251;94;47;47;337;175;162;70;28;42
623553.872785836;5427659.15198289;585009;Velké Němčice;6207;Hustopeče;1768;890;878;264;141;123;1193;617;576;311;132;179
634019.105593314;5417730.26503295;585017;Velké Pavlovice;6207;Hustopeče;3114;1522;1592;436;223;213;2101;1068;1033;577;231;346
608765.81997329;5421154.84987391;585025;Vlasatice;6213;Pohořelice;862;422;440;129;52;77;588;313;275;145;57;88
617490.928333895;5425405.08862658;585033;Vranovice;6213;Pohořelice;2233;1114;1119;368;183;185;1498;795;703;367;136;231
639179.710254671;5417916.10765544;585041;Vrbice;6207;Hustopeče;1102;556;546;168;90;78;743;392;351;191;74;117
629274.970055488;5415044.32864094;585050;Zaječí;6204;Břeclav;1440;706;734;220;118;102;998;497;501;222;91;131
694386.414913058;5456206.13640927;585068;Zlín;7213;Zlín;75171;35912;39259;10937;5610;5327;48567;24053;24514;15667;6249;9418
697807.473799848;5440210.51372018;585076;Biskupice;7204;Luhačovice;705;351;354;113;66;47;481;244;237;111;41;70
692671.092229011;5449054.28420756;585092;Bohuslavice u Zlína;7213;Zlín;783;389;394;107;54;53;537;280;257;139;55;84
712524.60109733;5455499.76962082;585106;Bratřejov;7211;Vizovice;765;394;371;98;58;40;538;284;254;129;52;77
721636.148092894;5439759.35442339;585114;Brumov-Bylnice;7209;Valašské Klobouky;5613;2834;2779;760;383;377;3883;2068;1815;970;383;587
702812.153380145;5460173.15345137;585131;Březová;7211;Vizovice;497;249;248;88;45;43;317;163;154;92;41;51
697169.541801938;5448455.12159558;585149;Březůvky;7213;Zlín;679;336;343;93;44;49;467;245;222;119;47;72
707686.534293268;5460804.64034053;585157;Dešná;7211;Vizovice;204;101;103;25;12;13;150;75;75;29;14;15
694902.215853233;5441068.54860011;585165;Dobrkovice;7213;Zlín;258;129;129;29;14;15;181;96;85;48;19;29
705138.962641006;5445839.64801815;585173;Dolní Lhota;7204;Luhačovice;625;306;319;90;44;46;450;222;228;85;40;45
694833.119681037;5447644.1806841;585181;Doubravy;7213;Zlín;545;274;271;95;52;43;388;198;190;62;24;38
715594.877206986;5452034.68815889;585190;Drnovice;7209;Valašské Klobouky;406;212;194;65;30;35;283;161;122;58;21;37
702527.540814824;5468232.56952372;585203;Držková;7213;Zlín;361;193;168;47;26;21;261;144;117;53;23;30
695028.375974148;5462976.11612472;585211;Fryšták;7213;Zlín;3699;1800;1899;566;280;286;2417;1225;1192;716;295;421
678674.448258592;5450187.04612393;585220;Halenkovice;7205;Otrokovice;1873;948;925;335;164;171;1230;647;583;308;137;171
711174.268701252;5446570.82480532;585238;Haluzice;7209;Valašské Klobouky;84;48;36;8;4;4;60;36;24;16;8;8
704250.330351326;5449593.02410588;585246;Horní Lhota;7204;Luhačovice;570;286;284;97;46;51;395;207;188;78;33;45
688514.361712404;5458594.61408457;585254;Hostišová;7213;Zlín;515;274;241;97;58;39;352;188;164;66;28;38
702971.280911173;5461892.16236792;585262;Hrobice;7211;Vizovice;467;223;244;62;27;35;314;157;157;91;39;52
696295.526833541;5444947.77396961;585271;Hřivínův Újezd;7213;Zlín;549;271;278;77;39;38;377;199;178;95;33;62
699961.717729457;5458757.70562165;585289;Hvozdná;7213;Zlín;1265;635;630;232;121;111;826;424;402;207;90;117
711554.298579555;5460361.40638345;585301;Jasenná;7211;Vizovice;954;481;473;155;75;80;650;343;307;149;63;86
715554.444121185;5438572.24903391;585319;Jestřabí;7209;Valašské Klobouky;298;154;144;45;20;25;201;112;89;52;22;30
696800.879332237;5442434.22590427;585327;Kaňovice;7213;Zlín;271;128;143;36;19;17;186;95;91;49;14;35
702927.488351091;5464503.92140803;585343;Kašava;7213;Zlín;902;456;446;146;82;64;631;323;308;125;51;74
709577.374905176;5449973.37322194;585432;Loučka;7209;Valašské Klobouky;508;229;279;57;23;34;298;165;133;153;41;112
698828.60448641;5444492.0950177;585441;Ludkovice;7204;Luhačovice;711;359;352;115;49;66;480;266;214;116;44;72
701062.071706132;5441835.11740007;585459;Luhačovice;7204;Luhačovice;5085;2505;2580;630;328;302;3385;1763;1622;1070;414;656
698788.721659655;5464168.00447955;585467;Lukov;7213;Zlín;1749;825;924;239;131;108;1146;566;580;364;128;236
709891.201963273;5458402.28974294;585483;Lutonina;7211;Vizovice;422;203;219;62;29;33;288;144;144;72;30;42
685193.983380762;5458500.0813723;585491;Machová;7213;Zlín;642;326;316;132;76;56;424;220;204;86;30;56
686739.183779453;5459436.26740201;585505;Mysločovice;7213;Zlín;636;308;328;110;42;68;416;214;202;110;52;58
683418.667157228;5449088.9759139;585513;Napajedla;7205;Otrokovice;7216;3542;3674;1023;532;491;4831;2445;2386;1362;565;797
722862.878719492;5444193.08699351;585521;Návojná;7209;Valašské Klobouky;739;370;369;120;58;62;496;266;230;123;46;77
725515.993050594;5443227.20834468;585530;Nedašov;7209;Valašské Klobouky;1381;713;668;241;122;119;966;521;445;174;70;104
725333.195598868;5446269.35715104;585548;Nedašova Lhota;7209;Valašské Klobouky;697;356;341;95;48;47;498;268;230;104;40;64
706030.660230193;5460686.70596202;585556;Neubuz;7211;Vizovice;459;219;240;70;33;37;316;160;156;73;26;47
684780.134673148;5453909.73850992;585599;Otrokovice;7205;Otrokovice;18157;8854;9303;2540;1370;1170;12006;6043;5963;3611;1441;2170
705490.235792043;5465928.82491913;585611;Podkopná Lhota;7211;Vizovice;321;177;144;30;17;13;221;129;92;70;31;39
700300.058211189;5449400.81108076;585661;Provodov;7213;Zlín;791;388;403;113;54;59;532;273;259;146;61;85
690263.259580236;5460672.49625234;585670;Racková;7213;Zlín;812;405;407;148;87;61;558;278;280;106;40;66
686834.552787856;5457194.02961196;585726;Sazovice;7213;Zlín;744;361;383;121;64;57;513;246;267;110;51;59
706582.689632407;5447789.17491103;585734;Sehradice;7204;Luhačovice;706;339;367;97;44;53;472;239;233;137;56;81
709926.075024969;5441546.39904659;585751;Slavičín;7204;Luhačovice;6605;3220;3385;896;474;422;4473;2249;2224;1236;497;739
707980.118527293;5449071.78064571;585769;Slopné;7204;Luhačovice;584;290;294;100;54;46;388;197;191;96;39;57
704304.113807764;5458804.43535659;585777;Slušovice;7211;Vizovice;2958;1449;1509;438;221;217;2164;1086;1078;356;142;214
681817.041805469;5446480.62077954;585793;Spytihněv;7205;Otrokovice;1701;850;851;265;127;138;1158;607;551;278;116;162
712763.272742077;5435418.79703323;585807;Šanov;7204;Luhačovice;468;233;235;67;33;34;313;161;152;88;39;49
689619.832562895;5447551.68495727;585815;Šarovy;7213;Zlín;244;108;136;36;11;25;164;79;85;44;18;26
717342.952440346;5438136.7081117;585831;Štítná nad Vláří-Popov;7209;Valašské Klobouky;2184;1102;1082;317;169;148;1455;752;703;412;181;231
682754.594722884;5458228.00657931;585858;Tlumačov;7205;Otrokovice;2476;1243;1233;394;207;187;1626;837;789;456;199;257
706713.896779781;5464486.4653849;585866;Trnava;7211;Vizovice;1140;583;557;172;83;89;752;412;340;216;88;128
711802.363718736;5457606.82153854;585874;Ublo;7211;Vizovice;281;142;139;42;26;16;194;97;97;45;19;26
711783.840222022;5450645.84005965;585882;Újezd;7209;Valašské Klobouky;1197;598;599;175;87;88;833;439;394;189;72;117
719056.556320649;5447701.59659317;585891;Valašské Klobouky;7209;Valašské Klobouky;4995;2462;2533;734;395;339;3401;1731;1670;860;336;524
694352.87121264;5443245.26947816;585912;Velký Ořechov;7213;Zlín;765;358;407;128;50;78;517;263;254;120;45;75
702085.076892406;5457795.29157208;585921;Veselá;7211;Vizovice;821;412;409;124;61;63;566;298;268;131;53;78
707853.676797986;5455305.69825704;585939;Vizovice;7211;Vizovice;4716;2301;2415;751;370;381;3173;1597;1576;792;334;458
714221.280528794;5445448.1456987;585955;Vlachovice;7209;Valašské Klobouky;1485;711;774;217;107;110;1026;514;512;242;90;152
699588.746317854;5466996.98320448;585963;Vlčková;7213;Zlín;400;206;194;61;39;22;274;141;133;65;26;39
708929.468763056;5462891.46772199;585971;Všemina;7211;Vizovice;1145;561;584;188;84;104;768;400;368;189;77;112
713907.383937885;5451940.8164506;585980;Vysoké Pole;7209;Valašské Klobouky;837;432;405;135;71;64;606;322;284;96;39;57
704535.214547669;5454681.08203274;585998;Zádveřice-Raková;7211;Vizovice;1428;707;721;227;115;112;989;507;482;212;85;127
614100.23956922;5470637.48645078;586005;Závist;6201;Blansko;141;70;71;21;8;13;91;50;41;29;12;17
680930.329088593;5452808.30599273;586013;Žlutava;7205;Otrokovice;1124;558;566;188;83;105;759;396;363;177;79;98
655035.592277126;5415368.16398076;586021;Hodonín;6206;Hodonín;24796;12033;12763;3306;1725;1581;16878;8473;8405;4612;1835;2777
645729.383868625;5435654.23089021;586030;Archlebov;6210;Kyjov;880;436;444;102;54;48;604;312;292;174;70;104
680883.002158757;5424459.2498375;586048;Blatnice pod Svatým Antonínkem;6218;Veselí nad Moravou;2068;1023;1045;275;128;147;1343;708;635;450;187;263
685134.875393885;5423798.71315938;586056;Blatnička;6218;Veselí nad Moravou;433;225;208;55;32;23;295;155;140;83;38;45
623807.285203705;5491906.32595905;586064;Světlá;6202;Boskovice;227;118;109;37;17;20;155;86;69;35;15;20
653417.057421317;5433681.61459505;586072;Bukovany;6210;Kyjov;721;359;362;87;49;38;482;248;234;152;62;90
667083.780054893;5425373.79324995;586081;Bzenec;6210;Kyjov;4288;2098;2190;632;332;300;2851;1455;1396;805;311;494
643463.747576776;5422523.89665983;586099;Čejč;6206;Hodonín;1235;617;618;162;85;77;861;448;413;212;84;128
641926.823336396;5417539.85650773;586102;Čejkovice;6206;Hodonín;2462;1214;1248;347;176;171;1677;879;798;438;159;279
657438.221753544;5436746.26087758;586111;Čeložnice;6210;Kyjov;403;196;207;53;26;27;248;126;122;102;44;58
640499.61323958;5433444.70063921;586129;Dambořice;6210;Kyjov;1380;685;695;250;132;118;908;469;439;222;84;138
648873.466053669;5414653.44656023;586137;Dolní Bojanovice;6206;Hodonín;2988;1499;1489;515;266;249;2008;1049;959;465;184;281
667653.641854542;5430455.49965475;586145;Domanín;6210;Kyjov;973;484;489;149;70;79;674;348;326;150;66;84
647658.293899273;5432414.92951306;586153;Dražůvky;6210;Kyjov;276;137;139;38;18;20;193;100;93;45;19;26
653174.161534012;5421502.52305808;586161;Dubňany;6206;Hodonín;6376;3174;3202;890;470;420;4320;2241;2079;1166;463;703
647374.637584554;5423596.46625587;586170;Hovorany;6210;Kyjov;2146;1017;1129;288;157;131;1414;706;708;444;154;290
677265.661061154;5418991.98964959;586188;Hroznová Lhota;6218;Veselí nad Moravou;1245;610;635;187;104;83;823;414;409;235;92;143
680344.3633137;5414790.07047583;586196;Hrubá Vrbka;6218;Veselí nad Moravou;624;306;318;78;36;42;419;214;205;127;56;71
659533.905009779;5434225.43289224;586200;Hýsly;6210;Kyjov;395;195;200;65;35;30;281;144;137;49;16;33
686483.7520762;5413248.71445001;586218;Javorník;6218;Veselí nad Moravou;714;352;362;100;55;45;492;245;247;122;52;70
662023.795538972;5432027.5034755;586226;Ježov;6210;Kyjov;720;355;365;100;55;45;484;246;238;136;54;82
647067.989076122;5412028.79982352;586234;Josefov;6206;Hodonín;412;223;189;51;31;20;306;173;133;55;19;36
644723.052613999;5426423.3379357;586242;Karlín;6206;Hodonín;236;112;124;28;15;13;156;75;81;52;22;30
659282.365775869;5430589.05790141;586251;Kelčany;6210;Kyjov;242;113;129;33;15;18;171;83;88;38;15;23
675851.166615997;5416626.3133123;586269;Kněždub;6218;Veselí nad Moravou;1127;548;579;150;74;76;762;396;366;215;78;137
657318.535318123;5432722.84636654;586277;Kostelec;6210;Kyjov;908;464;444;167;93;74;604;314;290;137;57;80
675295.531065288;5421284.5187869;586285;Kozojídky;6218;Veselí nad Moravou;522;251;271;92;43;49;348;171;177;82;37;45
683053.749024599;5413495.9602022;586293;Kuželov;6218;Veselí nad Moravou;408;210;198;45;26;19;293;154;139;70;30;40
654972.61019517;5433867.03995296;586307;Kyjov;6210;Kyjov;11405;5586;5819;1548;796;752;7445;3849;3596;2412;941;1471
661680.559384253;5435021.8595997;586315;Labuty;6210;Kyjov;170;92;78;10;4;6;119;72;47;41;16;25
680383.800075869;5420533.51860415;586323;Lipov;6218;Veselí nad Moravou;1477;708;769;189;90;99;1019;515;504;269;103;166
682462.283913904;5421596.62487325;586331;Louka;6218;Veselí nad Moravou;971;501;470;126;63;63;637;347;290;208;91;117
650487.311503777;5437478.96245045;586340;Lovčice;6210;Kyjov;794;396;398;133;73;60;503;253;250;158;70;88
651699.349003312;5411695.10680121;586358;Lužice;6206;Hodonín;2944;1466;1478;420;196;224;2003;1047;956;521;223;298
679933.529090702;5415917.21429462;586366;Malá Vrbka;6218;Veselí nad Moravou;184;98;86;28;16;12;120;66;54;36;16;20
651154.682722071;5409044.03256207;586374;Mikulčice;6206;Hodonín;1959;961;998;291;140;151;1355;694;661;313;127;186
656037.155684737;5424750.03896624;586382;Milotice;6210;Kyjov;1901;943;958;283;140;143;1328;687;641;290;116;174
659424.874998286;5437085.60066878;586391;Moravany;6210;Kyjov;741;383;358;86;40;46;507;284;223;148;59;89
670730.562166537;5429164.49541782;586404;Moravský Písek;6218;Veselí nad Moravou;2087;1008;1079;306;139;167;1419;721;698;362;148;214
647379.546199708;5419003.45229613;586412;Mutěnice;6206;Hodonín;3670;1854;1816;566;300;266;2525;1314;1211;579;240;339
643286.042168699;5429319.44405833;586421;Násedlovice;6210;Kyjov;849;416;433;123;70;53;579;293;286;147;53;94
651579.669498785;5435265.41277072;586439;Nechvalín;6210;Kyjov;345;169;176;52;24;28;230;117;113;63;28;35
646098.017774784;5428507.36867637;586447;Nenkovice;6210;Kyjov;471;230;241;76;38;38;303;157;146;92;35;57
690697.035620038;5415291.72463757;586455;Nová Lhota;6218;Veselí nad Moravou;676;352;324;77;42;35;479;253;226;120;57;63
644152.069878416;5414295.75464645;586463;Nový Poddvorov;6206;Hodonín;202;102;100;29;17;12;137;75;62;36;10;26
652186.891935225;5433938.13639718;586471;Ostrovánky;6210;Kyjov;233;110;123;40;18;22;140;74;66;53;18;35
666710.734065515;5416651.41499242;586480;Petrov;6206;Hodonín;1332;645;687;174;71;103;937;492;445;221;82;139
644805.347085718;5411231.03264832;586498;Prušánky;6206;Hodonín;2207;1102;1105;350;188;162;1475;763;712;382;151;231
673344.86655279;5412304.82148925;586501;Radějov;6218;Veselí nad Moravou;848;423;425;121;62;59;564;287;277;163;74;89
658443.316324983;5420817.63763118;586510;Ratíškovice;6206;Hodonín;4021;1968;2053;561;284;277;2781;1415;1366;679;269;410
661048.7919419;5417254.78040458;586528;Rohatec;6206;Hodonín;3553;1772;1781;469;246;223;2411;1229;1182;673;297;376
660885.989413245;5433878.09853537;586536;Skalka;6210;Kyjov;160;81;79;15;8;7;106;57;49;39;16;23
657063.236223372;5427563.99978534;586544;Skoronice;6210;Kyjov;523;259;264;68;40;28;359;174;185;96;45;51
652397.602928573;5431346.43356526;586552;Sobůlky;6210;Kyjov;862;416;446;112;64;48;580;289;291;170;63;107
645511.870280788;5415040.04193946;586561;Starý Poddvorov;6206;Hodonín;973;491;482;141;81;60;661;336;325;171;74;97
648760.320233413;5429093.04576228;586579;Stavěšice;6210;Kyjov;342;168;174;34;16;18;236;127;109;72;25;47
669237.948122761;5418200.12913681;586587;Strážnice;6218;Veselí nad Moravou;5614;2772;2842;793;433;360;3725;1909;1816;1096;430;666
650137.886513445;5429864.78494757;586595;Strážovice;6210;Kyjov;572;306;266;80;48;32;400;214;186;92;44;48
665086.572494255;5415607.84187976;586609;Sudoměřice;6206;Hodonín;1282;636;646;223;111;112;820;428;392;239;97;142
688778.444714629;5419574.84724199;586617;Suchov;6218;Veselí nad Moravou;487;251;236;54;32;22;319;168;151;114;51;63
652866.725718165;5427034.572046;586625;Svatobořice-Mistřín;6210;Kyjov;3564;1810;1754;546;302;244;2407;1282;1125;611;226;385
665610.388708039;5432210.92235345;586633;Syrovín;6210;Kyjov;346;185;161;32;19;13;247;136;111;67;30;37
648308.728369789;5425991.60411924;586641;Šardice;6210;Kyjov;2174;1073;1101;300;146;154;1494;767;727;380;160;220
678923.062907862;5418190.98281516;586650;Tasov;6218;Veselí nad Moravou;548;265;283;78;39;39;377;187;190;93;39;54
665314.075882451;5429921.76443083;586668;Těmice;6210;Kyjov;904;439;465;154;69;85;615;312;303;135;58;77
642447.010974759;5425754.50701716;586676;Terezín;6206;Hodonín;394;189;205;47;27;20;274;137;137;73;25;48
674494.491111194;5414820.11304277;586684;Tvarožná Lhota;6218;Veselí nad Moravou;920;460;460;138;88;50;603;304;299;179;68;111
642917.332528569;5433177.40734849;586692;Uhřice;6210;Kyjov;747;368;379;129;70;59;493;244;249;125;54;71
659613.241443741;5423263.0968449;586706;Vacenovice;6210;Kyjov;2183;1086;1097;319;153;166;1517;792;725;347;141;206
685016.332798944;5418522.09272053;586714;Velká nad Veličkou;6218;Veselí nad Moravou;2906;1467;1439;350;176;174;2005;1065;940;551;226;325
674578.40629535;5424646.80922486;586722;Veselí nad Moravou;6218;Veselí nad Moravou;11229;5468;5761;1482;760;722;7602;3869;3733;2145;839;1306
650159.612592987;5432686.21448217;586731;Věteřov;6210;Kyjov;503;270;233;57;30;27;348;204;144;98;36;62
658367.810371004;5429143.35810014;586749;Vlkoš;6210;Kyjov;1063;528;535;157;75;82;723;377;346;183;76;107
671757.455812569;5421421.24651377;586757;Vnorovy;6218;Veselí nad Moravou;3028;1486;1542;445;224;221;2055;1053;1002;528;209;319
662621.762305564;5424546.55540046;586765;Vracov;6210;Kyjov;4553;2197;2356;677;345;332;3068;1548;1520;808;304;504
661588.713257872;5436902.04178839;586773;Vřesovice;6210;Kyjov;580;290;290;62;26;36;380;203;177;138;61;77
661163.800004433;5430404.26811724;586781;Žádovice;6210;Kyjov;756;399;357;89;51;38;522;284;238;145;64;81
643553.940890877;5435932.02889561;586790;Žarošice;6210;Kyjov;1080;531;549;175;91;84;715;364;351;190;76;114
648145.155426981;5438743.86745977;586803;Ždánice;6210;Kyjov;2516;1259;1257;330;165;165;1694;887;807;492;207;285
646128.986519821;5430631.2841122;586811;Želetice;6210;Kyjov;499;246;253;52;22;30;328;170;158;119;54;65
663795.575387602;5432265.88093849;586820;Žeravice;6210;Kyjov;1033;503;530;134;65;69;710;359;351;189;79;110
674634.328119226;5420088.71388383;586838;Žeraviny;6218;Veselí nad Moravou;194;93;101;17;9;8;137;67;70;40;17;23
542222.534060835;5472741.13308772;586846;Jihlava;6105;Jihlava;50714;24683;26031;7996;4061;3935;33193;16745;16448;9525;3877;5648
559268.721818384;5476817.22111582;586854;Arnolec;6105;Jihlava;158;80;78;27;8;19;99;52;47;32;20;12
527863.403757056;5460040.87694699;586862;Batelov;6105;Jihlava;2342;1169;1173;354;188;166;1535;796;739;453;185;268
710032.227927351;5444565.99723239;586871;Lipová;7204;Luhačovice;366;183;183;70;40;30;235;120;115;61;23;38
536718.897501436;5477000.60903895;586889;Bílý Kámen;6105;Jihlava;286;140;146;55;23;32;209;107;102;22;10;12
553742.861955558;5468733.11298179;586897;Bítovčice;6105;Jihlava;442;226;216;74;35;39;282;146;136;86;45;41
542133.999771007;5444455.43338644;586901;Bohuslavice;6112;Telč;143;73;70;21;13;8;94;48;46;28;12;16
706996.264665426;5439209.03600324;586919;Rudimov;7204;Luhačovice;256;133;123;42;26;16;159;83;76;55;24;31
531632.520854172;5471754.93591275;586927;Boršov;6105;Jihlava;161;78;83;30;13;17;105;56;49;26;9;17
548833.306145209;5462449.85088687;586943;Brtnice;6105;Jihlava;3728;1891;1837;589;314;275;2504;1307;1197;635;270;365
552962.377582396;5486259.17884434;586951;Brzkov;6105;Jihlava;279;138;141;49;26;23;185;95;90;45;17;28
716658.826208233;5445949.88027466;586960;Křekov;7209;Valašské Klobouky;183;92;91;40;24;16;115;60;55;28;8;20
532844.612106352;5468381.9822927;586978;Cejle;6105;Jihlava;482;241;241;64;26;38;343;179;164;75;36;39
543856.038026769;5464150.28618409;586986;Cerekvička-Rosice;6105;Jihlava;157;79;78;26;11;15;98;52;46;33;16;17
715436.737462397;5448555.27793112;586994;Vlachova Lhota;7209;Valašské Klobouky;231;120;111;37;24;13;149;78;71;45;18;27
533505.752656962;5442529.03395897;587001;Černíč;6112;Telč;131;69;62;18;12;6;84;45;39;29;12;17
543698.888162021;5453753.31686994;587010;Dlouhá Brtnice;6105;Jihlava;376;189;187;60;35;25;253;126;127;63;28;35
547030.244627098;5481339.70280611;587028;Dobronín;6105;Jihlava;1896;942;954;306;153;153;1343;689;654;247;100;147
554614.012902347;5479048.81232234;587036;Dobroutov;6105;Jihlava;287;141;146;64;28;36;189;97;92;34;16;18
531907.899923758;5465337.1523053;587044;Dolní Cerekev;6105;Jihlava;1289;669;620;217;111;106;878;469;409;194;89;105
688478.233048941;5450380.99269994;587052;Karlovice;7213;Zlín;239;118;121;33;17;16;157;81;76;49;20;29
538020.095002971;5442973.08268508;587061;Dolní Vilímeč;6112;Telč;100;52;48;22;9;13;64;36;28;14;7;7
531224.518966474;5454891.78674956;587079;Doupě;6112;Telč;106;55;51;20;10;10;65;35;30;21;10;11
528518.077750109;5478231.9051443;587087;Dudín;6105;Jihlava;197;110;87;38;23;15;126;72;54;33;15;18
530998.859753449;5473528.22509695;587095;Dušejov;6105;Jihlava;443;231;212;75;36;39;307;168;139;61;27;34
537848.226989723;5447455.99796752;587109;Dyjice;6112;Telč;138;75;63;20;11;9;92;53;39;26;11;15
543117.593332136;5466506.88652799;587117;Čížov;6105;Jihlava;254;136;118;32;17;15;180;99;81;42;20;22
545115.16049398;5451067.3966889;587125;Hladov;6105;Jihlava;172;94;78;22;13;9;114;61;53;36;20;16
534850.425519936;5456831.52732726;587141;Hodice;6105;Jihlava;754;370;384;112;51;61;506;257;249;136;62;74
530248.353593483;5470419.37159621;587150;Hojkov;6105;Jihlava;153;71;82;23;9;14;94;50;44;36;12;24
523923.728727567;5456352.76622701;587168;Horní Dubenky;6105;Jihlava;620;320;300;96;60;36;378;195;183;146;65;81
542326.326982984;5468149.37683686;587176;Rančířov;6105;Jihlava;406;215;191;89;47;42;277;149;128;40;19;21
528823.519837735;5446025.31676442;587184;Borovná;6112;Telč;72;36;36;7;1;6;48;32;16;17;3;14
529358.569150375;5449248.65357824;587192;Hostětice;6112;Telč;141;73;68;27;19;8;90;45;45;24;9;15
530686.613515402;5445794.39174457;587206;Horní Myslová;6112;Telč;91;47;44;20;15;5;61;28;33;10;4;6
527267.433735115;5444943.20264049;587214;Olší;6112;Telč;67;36;31;13;5;8;51;30;21;3;1;2
533951.162117171;5471869.68398444;587222;Hubenov;6105;Jihlava;133;69;64;10;5;5;97;53;44;26;11;15
530384.022276807;5442358.34427559;587231;Zadní Vydří;6112;Telč;49;22;27;11;6;5;29;14;15;9;2;7
551768.174210495;5476097.48509049;587249;Jamné;6105;Jihlava;551;281;270;91;52;39;368;189;179;92;40;52
663706.103617363;5446417.81744937;587257;Zástřizly;7203;Kroměříž;144;73;71;16;9;7;102;53;49;26;11;15
559968.89406759;5474787.06728925;587265;Jersín;6105;Jihlava;195;98;97;27;14;13;132;71;61;36;13;23
534670.702307378;5463415.27123127;587273;Jezdovice;6105;Jihlava;252;125;127;38;18;20;170;88;82;44;19;25
533472.869738938;5473871.03890207;587281;Ježená;6105;Jihlava;133;79;54;18;14;4;94;53;41;21;12;9
521037.327249948;5456475.89295241;587290;Jihlávka;6105;Jihlava;220;112;108;27;15;12;143;78;65;50;19;31
546564.056719637;5442896.58787248;587303;Jindřichovice;6112;Telč;90;51;39;6;2;4;67;41;26;17;8;9
532025.397448743;5481113.64799427;587320;Kalhov;6105;Jihlava;122;63;59;15;9;6;81;43;38;26;11;15
522443.437196805;5454032.47838673;587338;Kaliště;6105;Jihlava;147;72;75;13;5;8;93;48;45;41;19;22
557311.675691842;5469011.62042513;587346;Kamenice;6105;Jihlava;1944;1003;941;361;216;145;1289;663;626;294;124;170
677414.755826312;5456286.24389563;587354;Karolín;7203;Kroměříž;253;130;123;41;25;16;175;87;88;37;18;19
546598.526396138;5484069.98990363;587362;Kamenná;6105;Jihlava;182;90;92;24;12;12;121;62;59;37;16;21
522715.79974776;5452479.04199773;587371;Klatovec;6112;Telč;72;35;37;10;4;6;43;23;20;19;8;11
543389.147942468;5439306.10361007;587389;Knínice;6112;Telč;191;99;92;27;19;8;115;60;55;49;20;29
659084.367114726;5460236.64297009;587397;Prasklice;7203;Kroměříž;241;118;123;35;21;14;154;76;78;52;21;31
536166.224156575;5467427.73067231;587401;Kostelec;6105;Jihlava;905;468;437;133;76;57;688;356;332;84;36;48
530895.333606234;5444056.18069764;587419;Kostelní Myslová;6112;Telč;52;30;22;5;2;3;39;24;15;8;4;4
550876.62725216;5472926.16614819;587427;Kozlov;6105;Jihlava;454;240;214;62;35;27;317;172;145;75;33;42
530120.763054432;5447633.76905552;587435;Krahulčí;6112;Telč;624;311;313;91;42;49;438;231;207;95;38;57
544802.035678317;5440923.2685862;587443;Krasonice;6112;Telč;201;102;99;26;13;13;127;73;54;48;16;32
527808.566322629;5450586.52955034;587451;Lhotka;6112;Telč;92;47;45;12;5;7;63;34;29;17;8;9
578528.254983199;5444995.24572553;587460;Stropešín;6113;Třebíč;120;60;60;17;9;8;78;40;38;25;11;14
550638.201258263;5469266.02195073;587478;Luka nad Jihlavou;6105;Jihlava;2854;1439;1415;500;270;230;1842;952;890;512;217;295
546392.420737805;5471924.03500623;587486;Malý Beranov;6105;Jihlava;621;308;313;109;56;53;416;216;200;96;36;60
545562.771216858;5447570.38480702;587494;Markvartice;6112;Telč;199;109;90;28;22;6;131;71;60;40;16;24
547807.085723716;5476314.2372614;587508;Měšín;6105;Jihlava;241;117;124;39;17;22;163;83;80;39;17;22
559804.487147231;5472889.33718796;587516;Meziříčko;6114;Velké Meziříčí;184;84;100;29;10;19;126;62;64;29;12;17
528711.9954709;5472064.79464735;587524;Milíčov;6105;Jihlava;129;68;61;13;5;8;86;51;35;30;12;18
533029.286875848;5470824.18314669;587532;Mirošov;6105;Jihlava;193;106;87;29;20;9;136;73;63;28;13;15
526333.432211713;5448827.00197867;587541;Mrákotín;6112;Telč;872;443;429;137;71;66;575;307;268;160;65;95
528429.222194112;5443535.09367597;587559;Mysletice;6112;Telč;119;63;56;16;11;5;87;44;43;16;8;8
534798.662049118;5451186.80843582;587567;Mysliboř;6112;Telč;209;110;99;42;24;18;137;71;66;30;15;15
556400.947599212;5474860.89569743;587575;Nadějov;6105;Jihlava;187;97;90;26;16;10;132;69;63;29;12;17
539004.604811041;5452812.88238505;587583;Nevcehle;6112;Telč;233;124;109;37;23;14;154;82;72;42;19;23
541073.606951916;5443434.42975204;587591;Nová Říše;6112;Telč;824;419;405;112;56;56;560;298;262;152;65;87
544314.847868046;5435220.43881521;587605;Lomy;6106;Moravské Budějovice;120;62;58;14;8;6;76;40;36;30;14;16
540800.222568006;5448773.91746772;587613;Olšany;6112;Telč;76;37;39;20;10;10;42;21;21;14;6;8
528342.104332523;5475800.65764015;587621;Opatov;6105;Jihlava;194;99;95;28;15;13;136;70;66;30;14;16
538840.434110911;5449664.49080129;587630;Ořechov;6112;Telč;70;38;32;11;9;2;44;23;21;15;6;9
540894.551304373;5457489.46691306;587648;Otín;6105;Jihlava;75;34;41;11;3;8;42;20;22;22;11;11
537599.708627783;5456236.6675396;587656;Panenská Rozsíčka;6105;Jihlava;152;74;78;41;19;22;90;46;44;21;9;12
558589.039824201;5439184.83140413;587664;Dolní Lažany;6106;Moravské Budějovice;153;74;79;24;10;14;109;50;59;20;14;6
519644.836825853;5451870.66273111;587672;Panské Dubenky;6112;Telč;115;59;56;21;12;9;75;38;37;19;9;10
540340.32736593;5454976.31156607;587681;Pavlov;6105;Jihlava;439;220;219;69;31;38;286;153;133;84;36;48
571839.26060028;5455454.74732086;587699;Valdíkov;6113;Třebíč;111;52;59;16;8;8;78;36;42;17;8;9
538477.725842589;5474691.79112079;587702;Plandry;6105;Jihlava;205;104;101;38;18;20;133;72;61;34;14;20
553498.457069425;5482440.312863;587711;Polná;6105;Jihlava;5091;2534;2557;872;462;410;3323;1706;1617;896;366;530
576870.532217087;5408823.89419835;587729;Nový Šaldorf-Sedlešovice;6220;Znojmo;1482;752;730;298;168;130;1004;494;510;180;90;90
588941.402830318;5484316.28279485;587737;Rodkov;6101;Bystřice nad Pernštejnem;98;46;52;18;9;9;58;28;30;22;9;13
546813.849667833;5468203.25368368;587745;Puklice;6105;Jihlava;817;422;395;132;76;56;554;292;262;131;54;77
574058.614713066;5496988.3646941;587753;Tři Studně;6108;Nové Město na Moravě;102;54;48;17;8;9;62;32;30;23;14;9
534823.639521134;5444225.90948458;587761;Radkov;6112;Telč;243;123;120;29;16;13;172;90;82;42;17;25
587232.147380985;5468858.12507843;587770;Milešín;6114;Velké Meziříčí;84;45;39;11;7;4;58;32;26;15;6;9
537617.08083983;5472118.98686048;587788;Rantířov;6105;Jihlava;444;218;226;84;43;41;301;150;151;59;25;34
528737.148256993;5466653.11487975;587796;Rohozná;6105;Jihlava;402;188;214;69;27;42;264;129;135;69;32;37
545292.772236665;5445026.44902115;587800;Rozseč;6112;Telč;183;101;82;26;11;15;130;76;54;27;14;13
530794.290483561;5457506.49277719;587818;Růžená;6105;Jihlava;355;190;165;63;37;26;233;130;103;59;23;36
553568.722954449;5474510.23088914;587826;Rybné;6105;Jihlava;123;62;61;27;12;15;71;36;35;25;14;11
527561.868060825;5453095.84449804;587834;Řásná;6112;Telč;218;111;107;24;13;11;146;77;69;48;21;27
581354.8136799;5486933.71519483;587842;Křídla;6108;Nové Město na Moravě;342;180;162;70;38;32;218;117;101;54;25;29
529509.970193521;5454871.54315172;587851;Řídelov;6112;Telč;87;39;48;9;5;4;60;29;31;18;5;13
575127.738190959;5494747.41633652;587869;Vlachovice;6108;Nové Město na Moravě;122;65;57;19;10;9;78;41;37;25;14;11
545638.533189346;5449097.87245605;587877;Sedlatice;6112;Telč;60;31;29;10;3;7;35;20;15;15;8;7
536207.861349032;5453564.42944586;587885;Sedlejov;6112;Telč;289;144;145;41;20;21;200;107;93;48;17;31
600001.148709689;5492620.02145118;587893;Velké Tresné;6101;Bystřice nad Pernštejnem;113;54;59;15;6;9;71;39;32;27;9;18
593075.006662958;5465147.40835897;587907;Katov;6217;Tišnov;237;123;114;52;26;26;159;84;75;26;13;13
558423.861583925;5478795.90529083;587915;Stáj;6105;Jihlava;170;84;86;19;11;8;120;63;57;31;10;21
542486.740972789;5449140.44066131;587923;Stará Říše;6112;Telč;625;338;287;81;50;31;436;246;190;108;42;66
543115.130694722;5459504.08013638;587931;Stonařov;6105;Jihlava;1078;532;546;196;94;102;733;380;353;149;58;91
535970.183844029;5442463.11876314;587940;Strachoňovice;6112;Telč;84;41;43;16;5;11;56;32;24;12;4;8
545490.051679342;5478930.00680093;587958;Střítež;6105;Jihlava;431;235;196;90;50;40;270;155;115;71;30;41
558561.396695944;5490238.0771835;587974;Nové Dvory;6115;Žďár nad Sázavou;335;158;177;57;35;22;218;98;120;60;25;35
541777.780808267;5461495.45051299;587982;Suchá;6105;Jihlava;258;126;132;39;18;21;188;93;95;31;15;16
547220.485480584;5446091.5890324;587991;Svojkovice;6112;Telč;50;22;28;3;1;2;35;19;16;12;2;10
532981.295999211;5478396.37625557;588008;Šimanov;6105;Jihlava;213;107;106;37;20;17;136;69;67;40;18;22
569720.107883342;5500657.15517073;588016;Cikháj;6115;Žďár nad Sázavou;111;57;54;22;10;12;75;40;35;14;7;7
533339.829880093;5448529.4951888;588024;Telč;6112;Telč;5445;2643;2802;728;384;344;3574;1801;1773;1143;458;685
535544.530518559;5461055.00194978;588032;Třešť;6105;Jihlava;5785;2868;2917;868;474;394;3804;1931;1873;1113;463;650
533176.644025573;5455038.56157582;588041;Třeštice;6105;Jihlava;144;74;70;32;15;17;95;51;44;17;8;9
562173.715528219;5495454.42168943;588059;Račín;6115;Žďár nad Sázavou;128;68;60;24;14;10;82;43;39;22;11;11
537798.847504426;5451338.77590004;588067;Urbanov;6112;Telč;130;59;71;20;5;15;87;45;42;23;9;14
530196.752690823;5480320.90481277;588075;Ústí;6105;Jihlava;223;113;110;36;19;17;144;76;68;43;18;25
530358.534174471;5450594.69212454;588083;Vanov;6112;Telč;96;51;45;20;9;11;56;30;26;20;12;8
530769.813240138;5452385.28753315;588091;Vanůvek;6112;Telč;38;18;20;8;3;5;27;15;12;3;0;3
541706.110827035;5445689.46651758;588105;Vápovice;6112;Telč;38;18;20;0;0;0;28;14;14;10;4;6
548229.508977317;5472134.90569764;588113;Velký Beranov;6105;Jihlava;1274;658;616;206;110;96;885;456;429;183;92;91
534739.681852044;5480246.20298086;588121;Větrný Jeníkov;6105;Jihlava;622;317;305;102;52;50;420;220;200;100;45;55
555187.463014115;5472757.82158378;588130;Věžnice;6105;Jihlava;149;81;68;21;15;6;110;59;51;18;7;11
551375.052280701;5478789.32484997;588148;Věžnička;6105;Jihlava;135;71;64;30;18;12;85;45;40;20;8;12
539810.588937825;5464185.82210756;588156;Vílanec;6105;Jihlava;322;167;155;51;24;27;234;126;108;37;17;20
532198.276385951;5451115.97028333;588164;Volevčice;6112;Telč;58;25;33;7;1;6;39;19;20;12;5;7
535419.313781919;5474660.17040099;588172;Vyskytná nad Jihlavou;6105;Jihlava;866;443;423;167;94;73;552;285;267;147;64;83
553325.999176123;5471744.62235777;588181;Vysoké Studnice;6105;Jihlava;417;208;209;71;35;36;280;144;136;66;29;37
539055.342016932;5444649.98848998;588199;Vystrčenovice;6112;Telč;116;50;66;19;7;12;73;31;42;24;12;12
555097.867242886;5481769.98219973;588202;Záborná;6105;Jihlava;242;125;117;42;20;22;153;84;69;47;21;26
531066.58711309;5476212.82402227;588211;Zbilidy;6105;Jihlava;194;95;99;36;13;23;128;70;58;30;12;18
534906.133046756;5481690.21602399;588229;Zbinohy;6105;Jihlava;89;45;44;25;13;12;56;27;29;8;5;3
570177.422842331;5484318.43747383;588237;Sazomín;6115;Žďár nad Sázavou;233;123;110;40;19;21;156;86;70;37;18;19
544639.931589724;5443122.73144794;588245;Zdeňkov;6112;Telč;48;26;22;2;2;0;34;18;16;12;6;6
555436.944916591;5476929.68643757;588253;Zhoř;6105;Jihlava;456;224;232;89;46;43;299;146;153;68;32;36
537063.645369082;5445294.91472436;588261;Zvolenovice;6112;Telč;83;41;42;13;8;5;53;24;29;17;9;8
536652.048241809;5450415.14196215;588270;Žatec;6112;Telč;120;64;56;21;14;7;81;44;37;18;6;12
549089.748823175;5478197.82884576;588288;Ždírec;6105;Jihlava;454;199;255;66;34;32;266;129;137;122;36;86
674504.195852741;5462262.94081603;588296;Kroměříž;7203;Kroměříž;29066;13757;15309;4203;2179;2024;19022;9314;9708;5841;2264;3577
675525.983306048;5457556.3660689;588300;Bařice-Velké Těšany;7203;Kroměříž;460;230;230;55;25;30;319;174;145;86;31;55
680873.972117177;5454728.25867067;588318;Bělov;7205;Otrokovice;318;160;158;59;31;28;204;103;101;55;26;29
669867.359503544;5466524.38533897;588326;Bezměrov;7203;Kroměříž;538;266;272;91;42;49;359;186;173;88;38;50
570085.517358029;5492262.69524586;588334;Vysoké;6115;Žďár nad Sázavou;181;83;98;40;21;19;114;50;64;27;12;15
558912.835855847;5437867.81924243;588342;Vícenice;6106;Moravské Budějovice;196;103;93;36;18;18;125;69;56;35;16;19
693782.0966315;5470240.23086361;588377;Brusné;7201;Bystřice pod Hostýnem;365;187;178;57;32;25;233;123;110;75;32;43
676998.281664595;5469193.0386197;588385;Břest;7203;Kroměříž;899;445;454;113;51;62;613;323;290;173;71;102
692406.08882501;5475105.17844482;588393;Bystřice pod Hostýnem;7201;Bystřice pod Hostýnem;8332;3997;4335;1092;552;540;5543;2775;2768;1697;670;1027
665016.481218296;5449638.07360035;588407;Cetechovice;7203;Kroměříž;186;91;95;20;9;11;118;69;49;48;13;35
663075.499024326;5461803.57978835;588431;Dřínov;7203;Kroměříž;438;216;222;74;37;37;280;145;135;84;34;50
687462.550422286;5468092.80176344;588458;Holešov;7202;Holešov;11638;5577;6061;1655;796;859;7579;3796;3783;2404;985;1419
690142.343073829;5464157.14482536;588474;Horní Lapač;7202;Holešov;264;144;120;53;33;20;175;93;82;36;18;18
662544.681912657;5453472.00392549;588482;Hoštice;7203;Kroměříž;154;87;67;27;18;9;95;56;39;32;13;19
679751.297161763;5464148.18832753;588491;Hulín;7203;Kroměříž;6955;3434;3521;961;495;466;4709;2418;2291;1285;521;764
691971.725563793;5470782.77505437;588504;Chomýž;7201;Bystřice pod Hostýnem;359;183;176;55;31;24;239;124;115;65;28;37
672359.020318451;5469739.57487939;588512;Chropyně;7203;Kroměříž;5009;2431;2578;775;399;376;3384;1681;1703;850;351;499
672821.469516711;5452703.38987803;588521;Kostelany;7203;Kroměříž;595;308;287;92;51;41;397;210;187;106;47;59
663136.079706526;5448246.76375365;588547;Chvalnov-Lísky;7203;Kroměříž;246;126;120;39;19;20;143;83;60;64;24;40
690278.854823932;5470508.71559797;588555;Jankovice;7202;Holešov;367;192;175;48;29;19;260;139;121;59;24;35
671969.13362846;5459736.12561945;588563;Jarohněvice;7203;Kroměříž;318;166;152;59;32;27;217;114;103;42;20;22
701562.285512338;5479581.89157022;588598;Komárno;7201;Bystřice pod Hostýnem;294;142;152;34;12;22;203;106;97;57;24;33
658960.04660646;5441542.42192378;588601;Koryčany;7203;Kroměříž;2820;1368;1452;387;205;182;1837;940;897;596;223;373
683865.915048774;5473263.55390813;588610;Kostelec u Holešova;7202;Holešov;971;497;474;122;68;54;652;351;301;197;78;119
659070.997618036;5450070.91953708;588628;Kunkovice;7203;Kroměříž;56;30;26;4;2;2;34;20;14;18;8;10
683001.552605181;5462006.62638998;588636;Kurovice;7202;Holešov;263;133;130;41;22;19;171;92;79;51;19;32
679775.851856672;5456662.34954727;588644;Kvasice;7203;Kroměříž;2222;1143;1079;313;159;154;1456;794;662;453;190;263
674388.436466441;5471331.45780819;588652;Kyselovice;7203;Kroměříž;493;225;268;80;31;49;324;165;159;89;29;60
687836.27037356;5461356.26691149;588661;Lechotice;7202;Holešov;424;220;204;82;43;39;277;152;125;65;25;40
661184.415561601;5451504.59187215;588695;Litenčice;7203;Kroměříž;484;247;237;82;52;30;323;164;159;79;31;48
697620.605713495;5477245.92695751;588709;Loukov;7201;Bystřice pod Hostýnem;968;487;481;175;98;77;651;330;321;142;59;83
674554.317585457;5453975.31044341;588717;Lubná;7203;Kroměříž;465;231;234;85;38;47;300;162;138;80;31;49
684480.689933623;5463661.36066115;588725;Ludslavice;7202;Holešov;496;238;258;76;35;41;330;169;161;90;34;56
669916.631458752;5463503.23472035;588733;Lutopecny;7203;Kroměříž;598;295;303;96;46;50;403;207;196;99;42;57
689269.708512727;5464677.99514907;588741;Martinice;7202;Holešov;754;383;371;136;72;64;512;262;250;106;49;57
685298.879121628;5461048.49238555;588750;Míškovice;7202;Holešov;596;284;312;101;51;50;406;199;207;89;34;55
660949.746072559;5456505.99637794;588768;Morkovice-Slížany;7203;Kroměříž;2914;1442;1472;452;233;219;1976;1004;972;486;205;281
680933.852149729;5470247.89247158;588784;Němčice;7202;Holešov;358;181;177;45;22;23;249;135;114;64;24;40
657432.452460952;5453063.7209514;588806;Nítkovice;7203;Kroměříž;241;121;120;25;13;12;171;88;83;45;20;25
678142.070677053;5453851.24257324;588814;Nová Dědina;7203;Kroměříž;415;212;203;57;34;23;287;144;143;71;34;37
699825.11280942;5478209.18389608;588822;Osíčko;7201;Bystřice pod Hostýnem;450;234;216;61;31;30;314;172;142;75;31;44
686432.7574917;5472967.14022335;588831;Pacetluky;7202;Holešov;234;118;116;29;14;15;163;88;75;42;16;26
657575.150814437;5457223.5457493;588849;Pačlavice;7203;Kroměříž;854;422;432;114;63;51;535;276;259;205;83;122
662493.930174119;5459865.37558305;588865;Počenice-Tetětice;7203;Kroměříž;689;344;345;83;44;39;480;243;237;126;57;69
702477.495888978;5478195.97359864;588873;Podhradní Lhota;7201;Bystřice pod Hostýnem;488;257;231;66;32;34;329;187;142;93;38;55
681138.272346249;5467470.37790869;588890;Pravčice;7203;Kroměříž;727;363;364;106;57;49;504;256;248;117;50;67
688127.245778321;5473376.39640831;588903;Prusinovice;7202;Holešov;1235;605;630;202;101;101;829;429;400;204;75;129
703548.234608452;5474301.64902472;588920;Rajnochovice;7201;Bystřice pod Hostýnem;565;293;272;101;56;45;349;184;165;115;53;62
669558.158710792;5460545.0115931;588938;Rataje;7203;Kroměříž;1136;576;560;206;94;112;762;407;355;168;75;93
684626.644040353;5471368.78380092;588946;Roštění;7202;Holešov;680;339;341;102;55;47;427;223;204;151;61;90
667606.45084627;5450753.51554465;588954;Roštín;7203;Kroměříž;705;347;358;94;49;45;476;241;235;135;57;78
696809.470459479;5469959.28687869;588962;Rusava;7201;Bystřice pod Hostýnem;579;314;265;68;38;30;397;223;174;114;53;61
683840.027820415;5469088.42363491;588971;Rymice;7202;Holešov;608;286;322;91;41;50;413;210;203;104;35;69
675055.064452508;5466531.25187903;588989;Skaštice;7203;Kroměříž;393;205;188;64;30;34;272;148;124;57;27;30
694482.897598682;5472555.48616674;588997;Slavkov pod Hostýnem;7201;Bystřice pod Hostýnem;629;302;327;102;55;47;420;211;209;107;36;71
671454.703211193;5455973.61233274;589004;Soběsuky;7203;Kroměříž;353;183;170;57;29;28;238;129;109;58;25;33
661217.221859972;5445733.75575924;589039;Střílky;7203;Kroměříž;645;325;320;79;36;43;431;231;200;135;58;77
678540.444106182;5458801.62563035;589047;Střížovice;7203;Kroměříž;267;145;122;49;27;22;170;97;73;48;21;27
676685.330023365;5455310.38914677;589055;Sulimov;7203;Kroměříž;149;76;73;19;11;8;100;51;49;30;14;16
665057.971828275;5455161.469904;589080;Troubky-Zdislavice;7203;Kroměříž;464;233;231;64;31;33;309;159;150;91;43;48
683468.824215377;5465693.89390653;589098;Třebětice;7202;Holešov;280;142;138;45;28;17;182;92;90;53;22;31
660434.972183019;5461358.00824635;589110;Uhřice;7203;Kroměříž;201;97;104;31;13;18;142;73;69;28;11;17
665768.240318037;5461741.41691975;589128;Věžky;7203;Kroměříž;411;198;213;62;23;39;276;145;131;73;30;43
694822.288077925;5480637.94921268;589136;Vítonice;7201;Bystřice pod Hostýnem;427;216;211;44;18;26;298;165;133;85;33;52
686493.726590133;5464167.93028121;589152;Zahnašovice;7202;Holešov;321;168;153;45;19;26;216;123;93;60;26;34
671107.32749862;5473758.00548589;589161;Záříčí;7203;Kroměříž;698;326;372;91;46;45;469;230;239;138;50;88
665700.977869748;5458294.88386226;589187;Zborovice;7203;Kroměříž;1522;780;742;211;104;107;1045;552;493;266;124;142
668953.523677764;5454884.78266376;589195;Zdounky;7203;Kroměříž;2091;1055;1036;321;167;154;1451;737;714;319;151;168
667904.030096908;5463317.37442452;589217;Zlobice;7203;Kroměříž;623;309;314;105;50;55;425;220;205;93;39;54
677365.876270516;5471323.75797212;589225;Žalkovice;7203;Kroměříž;604;302;302;82;41;41;415;216;199;107;45;62
689245.374756406;5462918.01415613;589233;Žeranovice;7202;Holešov;760;377;383;123;67;56;528;269;259;109;41;68
653169.814275745;5481249.79622195;589250;Prostějov;7108;Prostějov;43977;20581;23396;6545;3292;3253;28512;13823;14689;8920;3466;5454
656265.89318579;5479087.68677731;589268;Bedihošť;7108;Prostějov;1059;541;518;174;91;83;709;366;343;176;84;92
646219.743559245;5486765.28036451;589276;Bílovice-Lutotín;7108;Prostějov;523;261;262;74;39;35;351;180;171;98;42;56
661835.855453726;5481681.06681932;589284;Biskupice;7108;Prostějov;308;151;157;51;19;32;206;114;92;51;18;33
641739.829952354;5498919.50328158;589292;Bohuslavice;7103;Konice;446;213;233;67;34;33;316;152;164;63;27;36
636409.17968241;5480095.86041377;589306;Bousín;7108;Prostějov;136;62;74;23;10;13;86;41;45;27;11;16
633028.775218674;5490636.72339728;589314;Brodek u Konice;7103;Konice;840;408;432;99;51;48;551;277;274;190;80;110
651357.134403248;5470256.83878855;589322;Brodek u Prostějova;7108;Prostějov;1533;747;786;243;111;132;1055;543;512;235;93;142
636554.189969117;5497270.95323889;589331;Březsko;7103;Konice;213;113;100;24;16;8;149;81;68;40;16;24
639514.004548864;5494251.35486606;589349;Budětsko;7103;Konice;431;229;202;77;44;33;273;149;124;81;36;45
632316.922508404;5485816.35736694;589357;Buková;7108;Prostějov;309;149;160;28;13;15;208;111;97;73;25;48
657616.497379025;5477294.20113982;589365;Čehovice;7108;Prostějov;522;267;255;74;42;32;347;178;169;101;47;54
646569.635312285;5490748.62809846;589381;Čechy pod Kosířem;7108;Prostějov;1057;543;514;180;93;87;677;362;315;200;88;112
659092.743695799;5475858.53974825;589390;Čelčice;7108;Prostějov;537;272;265;65;37;28;387;201;186;85;34;51
652094.397427946;5487831.35329315;589403;Čelechovice na Hané;7108;Prostějov;1312;642;670;215;104;111;816;420;396;281;118;163
651216.641379521;5475624.21497877;589420;Dětkovice;7108;Prostějov;538;265;273;83;40;43;336;171;165;119;54;65
652791.979618207;5472548.01244176;589438;Dobrochov;7108;Prostějov;329;168;161;61;39;22;233;113;120;35;16;19
656111.339949421;5470504.51035947;589446;Dobromilice;7108;Prostějov;865;436;429;167;92;75;582;297;285;116;47;69
656529.3094691;5468744.79905736;589454;Doloplazy;7108;Prostějov;538;267;271;81;36;45;383;201;182;74;30;44
637250.584302609;5477213.96311983;589462;Drahany;7108;Prostějov;524;271;253;79;40;39;348;194;154;97;37;60
655509.35248268;5466516.26936166;589489;Dřevnovice;7108;Prostějov;475;240;235;78;45;33;331;171;160;66;24;42
632683.346538099;5497310.92736371;589497;Dzbel;7103;Konice;252;124;128;31;13;18;172;89;83;49;22;27
643801.60950232;5489151.32377322;589501;Hluchov;7108;Prostějov;353;163;190;48;18;30;243;121;122;62;24;38
628626.926924551;5490908.5337424;589519;Horní Štěpánov;7103;Konice;936;460;476;136;64;72;636;331;305;164;65;99
653973.693674795;5470649.21546245;589527;Hradčany-Kobeřice;7108;Prostějov;435;207;228;80;35;45;289;145;144;66;27;39
660881.431286175;5483415.15146827;589535;Hrdibořice;7108;Prostějov;213;117;96;28;18;10;145;77;68;40;22;18
659825.252643946;5479174.46147887;589543;Hrubčice;7108;Prostějov;773;380;393;141;68;73;485;252;233;147;60;87
637741.787870692;5499883.74931822;589560;Hvozd;7103;Konice;617;326;291;82;45;37;412;227;185;123;54;69
662454.474651886;5477182.75001511;589578;Ivaň;7108;Prostějov;498;255;243;79;38;41;327;178;149;92;39;53
634236.176958663;5496337.55053756;589586;Jesenec;7103;Konice;297;160;137;37;19;18;160;91;69;100;50;50
631996.813717017;5500759.10834479;589594;Kladky;7103;Konice;353;168;185;49;24;25;239;121;118;65;23;42
660449.344724759;5474898.86081192;589608;Klenovice na Hané;7108;Prostějov;827;412;415;152;74;78;539;285;254;136;53;83
662659.946837711;5479762.07719948;589616;Klopotovice;7108;Prostějov;270;141;129;31;18;13;201;104;97;38;19;19
636485.2000882;5493511.99322624;589624;Konice;7103;Konice;2773;1357;1416;378;170;208;1870;972;898;525;215;310
648586.620121947;5486640.47107514;589632;Kostelec na Hané;7108;Prostějov;2879;1412;1467;485;254;231;1821;914;907;573;244;329
657590.787506181;5461262.16202478;589641;Koválovice-Osíčany;7108;Prostějov;282;144;138;36;18;18;192;102;90;54;24;30
658324.198922409;5481726.34155406;589659;Kralice na Hané;7108;Prostějov;1555;773;782;267;137;130;1047;527;520;241;109;132
645425.91042161;5478955.79095402;589667;Krumsín;7108;Prostějov;568;287;281;75;40;35;386;201;185;107;46;61
643460.194112622;5495144.28774602;589675;Laškov;7108;Prostějov;572;291;281;65;31;34;384;204;180;123;56;67
646465.020800831;5485055.99223851;589683;Lešany;7108;Prostějov;381;186;195;54;31;23;245;124;121;82;31;51
635630.577706687;5487500.30109025;589691;Lipová;7103;Konice;716;366;350;86;41;45;466;248;218;164;77;87
634778.455441595;5500942.6985783;589705;Ludmírov;7103;Konice;568;278;290;68;32;36;386;210;176;114;36;78
635836.004809122;5484053.65837916;589713;Malé Hradisko;7108;Prostějov;371;180;191;47;23;24;235;124;111;89;33;56
659781.868324216;5465748.85696037;589721;Mořice;7108;Prostějov;533;261;272;93;46;47;356;186;170;84;29;55
648387.051379389;5482233.23609007;589730;Mostkovice;7108;Prostějov;1557;776;781;257;142;115;987;495;492;313;139;174
647163.574591332;5474877.41842839;589748;Myslejovice;7108;Prostějov;665;344;321;78;37;41;442;245;197;145;62;83
659742.789124098;5468766.68890678;589756;Němčice nad Hanou;7108;Prostějov;1979;974;1005;286;152;134;1307;661;646;386;161;225
657309.572243212;5465758.26433149;589764;Nezamyslice;7108;Prostějov;1490;769;721;280;138;142;969;521;448;241;110;131
633851.637420128;5478913.82184091;589772;Niva;7108;Prostějov;321;147;174;48;23;25;205;97;108;68;27;41
661234.888339357;5473392.05553639;589799;Obědkovice;7108;Prostějov;281;136;145;60;27;33;181;90;91;40;19;21
646022.182475034;5483489.54952192;589802;Ohrozim;7108;Prostějov;469;230;239;70;30;40;313;166;147;86;34;52
638342.61069614;5495935.6104203;589811;Ochoz;7103;Konice;192;96;96;38;15;23;128;71;57;26;10;16
656008.00052483;5488932.54280892;589829;Olšany u Prostějova;7108;Prostějov;1728;826;902;316;155;161;1169;577;592;243;94;149
649702.036575377;5469430.9519007;589837;Ondratice;7108;Prostějov;360;195;165;44;25;19;242;141;101;74;29;45
649372.746299459;5472242.87629774;589845;Otaslavice;7108;Prostějov;1270;633;637;194;100;94;839;428;411;237;105;132
635629.698845152;5475332.00191895;589853;Otinoves;7108;Prostějov;292;152;140;42;27;15;185;98;87;65;27;38
645417.835594059;5492763.35299831;589870;Pěnčín;7108;Prostějov;760;386;374;134;73;61;500;259;241;126;54;72
658257.570144759;5472430.44119667;589888;Pivín;7108;Prostějov;720;352;368;124;60;64;484;245;239;112;47;65
644640.540374565;5481454.1198158;589896;Plumlov;7108;Prostějov;2337;1156;1181;321;171;150;1560;801;759;456;184;272
645226.861502678;5477170.96790184;589918;Prostějovičky;7108;Prostějov;285;154;131;41;32;9;200;105;95;44;17;27
632419.898168671;5482133.64385558;589926;Protivanov;7108;Prostějov;989;488;501;153;74;79;693;357;336;143;57;86
641585.058000714;5491259.33844992;589934;Přemyslovice;7108;Prostějov;1285;639;646;181;97;84;862;443;419;242;99;143
640057.804110746;5486992.7111715;589942;Ptení;7108;Prostějov;1083;555;528;157;87;70;725;390;335;201;78;123
641136.079435943;5496294.08737845;589951;Raková u Konice;7103;Konice;203;100;103;25;12;13;139;69;70;39;19;20
639782.844232502;5497148.07512712;589969;Rakůvka;7103;Konice;97;47;50;13;5;8;66;34;32;18;8;10
632991.534824617;5474790.43321233;589977;Rozstání;7108;Prostějov;639;327;312;95;50;45;390;210;180;154;67;87
657601.240484863;5474549.5088425;589993;Skalka;7108;Prostějov;250;130;120;31;18;13;168;88;80;51;24;27
631367.208057529;5493805.83259713;590002;Skřípov;7103;Konice;342;174;168;48;20;28;237;129;108;57;25;32
650841.712469247;5490011.00199559;590011;Slatinky;7108;Prostějov;587;290;297;104;57;47;407;201;206;76;32;44
652918.926595398;5485619.17615385;590029;Smržice;7108;Prostějov;1664;856;808;269;142;127;1133;600;533;262;114;148
662237.67677559;5463536.93027746;590045;Srbce;7108;Prostějov;83;44;39;11;4;7;53;30;23;19;10;9
647779.638117076;5489066.22589512;590053;Stařechovice;7108;Prostějov;538;268;270;81;36;45;345;183;162;112;49;63
639728.788691985;5485013.45361124;590061;Stínava;7108;Prostějov;158;72;86;26;13;13;98;49;49;34;10;24
639644.02337828;5489793.7696203;590070;Stražisko;7103;Konice;437;216;221;63;32;31;273;134;139;101;50;51
636408.657191353;5489870.1737846;590088;Suchdol;7103;Konice;621;332;289;97;59;38;398;212;186;126;61;65
630909.860831938;5497051.49654351;590096;Šubířov;7103;Konice;237;125;112;24;12;12;159;91;68;54;22;32
657696.293339727;5463419.77538809;590100;Tištín;7108;Prostějov;503;259;244;88;49;39;321;167;154;94;43;51
661071.638940466;5471696.17462703;590118;Tvorovice;7108;Prostějov;302;152;150;39;23;16;204;111;93;59;18;41
651397.230889964;5476989.86804975;590126;Určice;7108;Prostějov;1371;683;688;224;130;94;925;461;464;222;92;130
657819.045450578;5468422.34384048;590134;Víceměřice;7108;Prostějov;583;367;216;94;47;47;385;262;123;104;58;46
642537.738556645;5483650.30170591;590142;Vícov;7108;Prostějov;516;255;261;100;47;53;328;169;159;88;39;49
662909.939583554;5464485.29414504;590151;Vitčice;7108;Prostějov;187;89;98;24;11;13;129;70;59;34;8;26
652719.754006606;5474053.38106124;590177;Vranovice-Kelčice;7108;Prostějov;611;304;307;95;50;45;399;206;193;117;48;69
658805.590167552;5485948.27208923;590185;Vrbátky;7108;Prostějov;1713;849;864;320;162;158;1119;571;548;274;116;158
661617.810322663;5466204.86976045;590193;Vrchoslavice;7108;Prostějov;617;309;308;115;57;58;421;221;200;81;31;50
655474.252418193;5473628.25765536;590207;Vřesovice;7108;Prostějov;549;279;270;105;49;56;351;189;162;93;41;52
655649.388298096;5475769.81844546;590215;Výšovice;7108;Prostějov;486;233;253;78;36;42;334;166;168;74;31;43
643729.026692745;5486158.51409577;590223;Zdětín;7108;Prostějov;337;171;166;55;23;32;220;114;106;62;34;28
652820.349569473;5468164.60775208;590240;Želeč;7108;Prostějov;544;278;266;76;43;33;358;190;168;110;45;65
563541.97700162;5452829.86442525;590266;Třebíč;6113;Třebíč;36641;17853;18788;5360;2758;2602;24959;12464;12495;6322;2631;3691
555300.464145148;5442531.15284552;590274;Babice;6106;Moravské Budějovice;202;104;98;28;13;15;131;70;61;43;21;22
574561.976844408;5437067.21355778;590282;Bačice;6113;Třebíč;194;89;105;29;11;18;116;60;56;49;18;31
562757.325425694;5460920.63335045;590304;Benetice;6113;Třebíč;193;96;97;38;19;19;118;60;58;37;17;20
573463.428837013;5432819.65243762;590312;Biskupice-Pulkov;6113;Třebíč;274;145;129;34;18;16;173;95;78;67;32;35
563579.470955054;5434724.44294436;590321;Blatnice;6106;Moravské Budějovice;385;202;183;56;31;25;257;138;119;72;33;39
565033.951415846;5463230.04277024;590347;Bochovice;6113;Třebíč;154;81;73;14;9;5;111;59;52;29;13;16
553828.345137126;5461156.79394233;590363;Bransouze;6113;Třebíč;239;122;117;26;11;15;162;84;78;51;27;24
545397.50041604;5454713.32174382;590371;Brtnička;6105;Jihlava;105;48;57;9;4;5;71;33;38;25;11;14
586748.733874044;5447168.04168689;590380;Březník;6107;Náměšť nad Oslavou;672;334;338;101;52;49;418;216;202;153;66;87
573826.657770883;5458057.10296042;590401;Budišov;6113;Třebíč;1191;590;601;188;99;89;797;410;387;206;81;125
548459.709443872;5433843.60355013;590410;Budkov;6106;Moravské Budějovice;373;190;183;58;26;32;267;143;124;48;21;27
552891.570860434;5443499.19495171;590428;Cidlina;6106;Moravské Budějovice;91;49;42;12;4;8;51;32;19;28;13;15
555770.91645445;5444898.66581598;590436;Čáslavice;6113;Třebíč;536;270;266;82;48;34;340;171;169;114;51;63
557056.082277792;5450804.251971;590444;Čechočovice;6113;Třebíč;296;134;162;56;20;36;186;92;94;54;22;32
560282.295182923;5460971.57117316;590452;Čechtín;6113;Třebíč;311;159;152;48;29;19;208;107;101;55;23;32
558482.340896054;5459342.40325316;590461;Červená Lhota;6113;Třebíč;186;95;91;25;13;12;119;66;53;42;16;26
558697.95125161;5457519.82491945;590479;Číhalín;6113;Třebíč;201;96;105;33;13;20;130;65;65;38;18;20
554903.757932584;5458871.09452416;590487;Číchov;6113;Třebíč;239;128;111;24;12;12;155;85;70;60;31;29
582262.705843104;5457499.96139506;590495;Čikov;6107;Náměšť nad Oslavou;198;102;96;16;8;8;125;71;54;57;23;34
572523.663887308;5449413.20464489;590509;Číměř;6113;Třebíč;200;101;99;25;12;13;141;73;68;34;16;18
579286.750719955;5442392.70890717;590517;Dalešice;6113;Třebíč;597;301;296;75;41;34;419;220;199;103;40;63
552747.940591979;5430481.70386043;590525;Dědice;6106;Moravské Budějovice;129;63;66;17;7;10;94;48;46;18;8;10
552267.039651;5425250.03548496;590533;Dešov;6106;Moravské Budějovice;422;207;215;57;22;35;282;157;125;83;28;55
571437.613316706;5445115.9979988;590550;Dolní Vilémovice;6113;Třebíč;400;198;202;65;33;32;266;135;131;69;30;39
550299.648114349;5437052.38296867;590568;Domamil;6106;Moravské Budějovice;309;159;150;55;27;28;195;105;90;59;27;32
585396.652926296;5437962.86142541;590576;Dukovany;6113;Třebíč;845;435;410;136;75;61;598;309;289;111;51;60
579976.925494574;5447557.82863932;590584;Hartvíkovice;6107;Náměšť nad Oslavou;537;278;259;66;33;33;367;198;169;104;47;57
552682.896068399;5453296.8312333;590592;Heraltice;6113;Třebíč;362;186;176;44;23;21;240;125;115;78;38;40
588940.040554547;5453926.94402147;590614;Hluboké;6107;Náměšť nad Oslavou;207;102;105;25;13;12;132;70;62;50;19;31
571503.897021135;5460694.95853854;590622;Hodov;6113;Třebíč;302;158;144;38;19;19;208;116;92;56;23;33
566735.833631875;5464180.83180455;590631;Horní Heřmanice;6113;Třebíč;142;68;74;29;12;17;90;44;46;23;12;11
561397.407565095;5443505.61490342;590649;Horní Újezd;6113;Třebíč;268;139;129;41;16;25;167;96;71;60;27;33
563693.980931208;5459321.21567742;590657;Horní Vilémovice;6113;Třebíč;78;35;43;11;5;6;54;24;30;13;6;7
549733.209946646;5427037.3746121;590665;Hornice;6106;Moravské Budějovice;76;36;40;2;0;2;50;26;24;24;10;14
577201.359580416;5439121.25153045;590673;Hrotovice;6113;Třebíč;1767;897;870;269;142;127;1181;617;564;317;138;179
549833.032406389;5455819.4198038;590681;Hrutov;6105;Jihlava;90;45;45;14;6;8;58;29;29;18;10;8
555553.776245894;5452248.41485517;590690;Hvězdoňovice;6113;Třebíč;105;51;54;23;11;12;65;32;33;17;8;9
553848.95026726;5450503.59455469;590703;Chlístov;6113;Třebíč;276;133;143;46;24;22;174;85;89;56;24;32
555640.430655898;5462322.71596976;590711;Chlum;6113;Třebíč;152;78;74;26;13;13;97;52;45;29;13;16
555219.007707098;5437381.06178753;590746;Jakubov u Moravských Budějovic;6106;Moravské Budějovice;606;309;297;93;41;52;409;220;189;104;48;56
565871.223321012;5438497.70137658;590754;Jaroměřice nad Rokytnou;6113;Třebíč;4199;2057;2142;658;313;345;2810;1446;1364;731;298;433
584959.180559075;5457364.00899191;590762;Jasenice;6107;Náměšť nad Oslavou;198;104;94;27;9;18;136;76;60;35;19;16
541367.88529407;5430449.53874432;590789;Jemnice;6106;Moravské Budějovice;4077;1967;2110;557;277;280;2803;1401;1402;717;289;428
586766.175340552;5453833.84926884;590797;Jinošov;6107;Náměšť nad Oslavou;226;113;113;31;17;14;160;84;76;35;12;23
577187.784263704;5458649.36160705;590801;Kamenná;6113;Třebíč;209;100;109;21;8;13;143;73;70;45;19;26
547323.712120967;5426183.63707427;590819;Kdousov;6106;Moravské Budějovice;110;59;51;11;6;5;85;48;37;14;5;9
584687.28636533;5443492.70128998;590827;Kladeruby nad Oslavou;6107;Náměšť nad Oslavou;197;96;101;33;15;18;130;65;65;34;16;18
568147.746542037;5446492.38764764;590835;Klučov;6113;Třebíč;177;86;91;26;10;16;122;61;61;29;15;14
549536.050680822;5457016.66354098;590843;Kněžice;6105;Jihlava;1384;719;665;222;119;103;936;496;440;226;104;122
551879.665430936;5428745.81506175;590851;Kojatice;6106;Moravské Budějovice;255;118;137;27;13;14;124;67;57;104;38;66
559693.048570156;5444727.33645383;590860;Kojetice;6113;Třebíč;442;224;218;68;36;32;280;148;132;94;40;54
551430.052607294;5434889.67461274;590878;Komárovice;6106;Moravské Budějovice;116;59;57;18;9;9;67;39;28;31;11;20
574908.186557868;5449879.24704039;590886;Koněšín;6113;Třebíč;509;261;248;79;43;36;351;186;165;79;32;47
546940.397859863;5424146.75776319;590894;Kostníky;6106;Moravské Budějovice;185;93;92;20;11;9;127;70;57;38;12;26
557849.546250283;5462335.68367156;590908;Kouty;6113;Třebíč;381;195;186;57;25;32;260;139;121;64;31;33
577217.499936719;5447997.11756958;590916;Kozlany;6113;Třebíč;140;74;66;17;12;5;103;54;49;20;8;12
587443.145240578;5450435.06242722;590941;Kralice nad Oslavou;6107;Náměšť nad Oslavou;983;498;485;170;92;78;631;321;310;182;85;97
582023.643039195;5443269.94091409;590959;Kramolín;6107;Náměšť nad Oslavou;121;54;67;22;9;13;79;40;39;20;5;15
574064.105384121;5438263.40279468;590967;Krhov;6113;Třebíč;194;94;100;27;13;14;128;66;62;39;15;24
589690.434853829;5455430.2484976;590975;Krokočín;6107;Náměšť nad Oslavou;202;107;95;28;19;9;137;70;67;37;18;19
549797.958458256;5446912.31053399;590983;Lesná;6106;Moravské Budějovice;94;55;39;11;9;2;68;38;30;15;8;7
590670.286714683;5450882.6977699;590991;Lesní Jakubov;6107;Náměšť nad Oslavou;96;51;45;15;9;6;58;33;25;23;9;14
554447.147329427;5440240.01178975;591009;Lesonice;6106;Moravské Budějovice;470;244;226;61;38;23;314;166;148;95;40;55
589705.747372642;5440202.26402464;591025;Lhánice;6107;Náměšť nad Oslavou;161;77;84;19;5;14;102;57;45;40;15;25
569158.25923854;5443665.10441981;591041;Lipník;6113;Třebíč;388;195;193;68;37;31;241;125;116;79;33;46
575988.457836014;5434713.92015708;591068;Litovany;6113;Třebíč;136;66;70;14;7;7;78;37;41;44;22;22
557730.696618228;5443143.98345029;591092;Loukovice;6113;Třebíč;108;57;51;12;5;7;77;44;33;19;8;11
555586.681538176;5450234.28971027;591114;Markvartice;6113;Třebíč;271;137;134;52;26;26;174;92;82;45;19;26
560156.632196045;5447354.53639944;591122;Mastník;6113;Třebíč;245;124;121;34;20;14;165;85;80;46;19;27
547927.017244974;5439842.69818577;591149;Meziříčko;6106;Moravské Budějovice;84;43;41;8;5;3;62;32;30;14;6;8
561656.56242542;5446035.68081574;591157;Mikulovice;6113;Třebíč;224;105;119;37;14;23;161;81;80;26;10;16
547045.264448937;5428852.71516158;591165;Mladoňovice;6106;Moravské Budějovice;404;194;210;67;33;34;260;127;133;77;34;43
586200.548172777;5441074.54795164;591173;Mohelno;6107;Náměšť nad Oslavou;1341;662;679;161;95;66;891;461;430;289;106;183
557971.368992259;5432942.59287645;591181;Moravské Budějovice;6106;Moravské Budějovice;7458;3688;3770;1007;537;470;4975;2527;2448;1476;624;852
570913.455109671;5440042.76899201;591190;Myslibořice;6113;Třebíč;728;341;387;127;57;70;440;226;214;161;58;103
584663.847624828;5451394.88091022;591211;Náměšť nad Oslavou;6107;Náměšť nad Oslavou;4909;2414;2495;678;355;323;3289;1679;1610;942;380;562
570551.062225038;5457499.07152397;591220;Nárameč;6113;Třebíč;350;176;174;54;28;26;222;117;105;74;31;43
554378.140378969;5430199.04158959;591238;Nimpšov;6106;Moravské Budějovice;57;29;28;4;1;3;40;22;18;13;6;7
558410.80226851;5455770.79204907;591246;Nová Ves;6113;Třebíč;236;118;118;52;24;28;149;78;71;35;16;19
555943.325588624;5428646.93421937;591254;Nové Syrovice;6106;Moravské Budějovice;956;497;459;133;69;64;633;344;289;190;84;106
567993.406093701;5464107.20007319;591262;Nový Telečkov;6113;Třebíč;107;53;54;9;3;6;79;42;37;19;8;11
573696.824541032;5442022.42975092;591289;Odunec;6113;Třebíč;93;45;48;10;5;5;57;28;29;26;12;14
579665.12661192;5451087.61589626;591297;Okarec;6107;Náměšť nad Oslavou;119;59;60;12;8;4;77;38;39;30;13;17
554925.368319308;5454698.64737893;591301;Okříšky;6113;Třebíč;2052;1033;1019;271;145;126;1362;699;663;419;189;230
547726.395421991;5452731.22147744;591319;Opatov;6113;Třebíč;754;373;381;107;54;53;503;255;248;144;64;80
547347.259894719;5432268.6148208;591327;Oponešice;6106;Moravské Budějovice;184;99;85;35;17;18;113;66;47;36;16;20
567223.942968808;5444815.35431752;591335;Ostašov;6113;Třebíč;138;69;69;20;10;10;94;48;46;24;11;13
557385.667409341;5453929.84605809;591360;Petrovice;6113;Třebíč;418;204;214;58;28;30;295;149;146;65;27;38
565491.110037331;5445771.43004328;591378;Petrůvky;6113;Třebíč;107;54;53;16;8;8;72;37;35;19;9;10
545597.154535788;5423625.88148686;591394;Police;6106;Moravské Budějovice;345;176;169;34;16;18;248;135;113;63;25;38
581512.90246736;5445467.24104549;591408;Popůvky;6107;Náměšť nad Oslavou;74;40;34;8;6;2;42;26;16;24;8;16
575936.969714362;5454323.60430317;591416;Pozďatín;6113;Třebíč;164;86;78;27;17;10;99;54;45;38;15;23
566276.622571318;5459233.97595886;591424;Přeckov;6113;Třebíč;70;33;37;12;5;7;45;22;23;13;6;7
549925.156066882;5450321.20222799;591432;Předín;6113;Třebíč;693;335;358;110;52;58;444;227;217;139;56;83
577815.630316473;5433759.87274769;591441;Přešovice;6113;Třebíč;142;71;71;16;6;10;88;49;39;38;16;22
555602.13681543;5456753.84170452;591459;Přibyslavice;6113;Třebíč;814;399;415;122;66;56;536;263;273;156;70;86
585599.344234555;5455466.67709595;591491;Pucov;6107;Náměšť nad Oslavou;168;90;78;26;14;12;103;57;46;39;19;20
577896.256068192;5456233.9605918;591505;Pyšel;6113;Třebíč;472;233;239;77;37;40;304;149;155;91;47;44
573821.012182351;5440312.96551188;591521;Račice;6113;Třebíč;81;40;41;13;6;7;58;31;27;10;3;7
571551.131148915;5435840.04780568;591548;Radkovice u Hrotovic;6113;Třebíč;318;154;164;50;23;27;208;104;104;60;27;33
552283.076944616;5458392.14835402;591556;Radonín;6113;Třebíč;73;35;38;7;2;5;51;26;25;15;7;8
557094.603577481;5465210.52222021;591564;Radošov;6113;Třebíč;170;86;84;20;8;12;110;56;54;40;22;18
591807.187339659;5449503.90699764;591581;Rapotice;6107;Náměšť nad Oslavou;524;270;254;84;43;41;340;184;156;100;43;57
573040.645802749;5462603.77278543;591602;Rohy;6113;Třebíč;117;57;60;10;5;5;70;40;30;37;12;25
556340.207569305;5447929.24775761;591611;Rokytnice nad Rokytnou;6113;Třebíč;870;437;433;126;50;76;586;320;266;158;67;91
581135.472054635;5435294.62996227;591629;Rouchovany;6113;Třebíč;1171;568;603;176;91;85;774;390;384;221;87;134
568218.932566178;5459926.07765915;591637;Rudíkov;6113;Třebíč;699;358;341;116;62;54;474;254;220;109;42;67
554763.526223423;5447004.84358853;591645;Římov;6113;Třebíč;415;200;215;58;26;32;283;146;137;74;28;46
590639.482934182;5442349.83368765;591661;Senorady;6208;Ivančice;393;200;193;57;28;29;247;132;115;89;40;49
581083.188594286;5440022.231046;591688;Slavětice;6113;Třebíč;237;117;120;33;11;22;136;76;60;68;30;38
569943.794765337;5448704.59264355;591700;Slavičky;6113;Třebíč;258;134;124;45;19;26;164;93;71;49;22;27
573722.589109397;5452837.12703668;591726;Smrk;6113;Třebíč;267;139;128;40;19;21;181;102;79;46;18;28
559548.427346209;5449492.5289413;591742;Stařeč;6113;Třebíč;1613;785;828;260;123;137;1085;551;534;268;111;157
577641.145327445;5451403.35158338;591769;Studenec;6107;Náměšť nad Oslavou;579;290;289;99;54;45;400;206;194;80;30;50
574856.171126719;5460698.58114719;591777;Studnice;6113;Třebíč;141;69;72;15;5;10;91;49;42;35;15;20
590004.681326234;5448604.83242404;591785;Sudice;6107;Náměšť nad Oslavou;349;178;171;49;25;24;222;119;103;78;34;44
561068.19494564;5464336.11133244;591793;Svatoslav;6113;Třebíč;251;132;119;31;17;14;171;92;79;49;23;26
559168.276295802;5441472.43742939;591807;Šebkovice;6113;Třebíč;480;240;240;77;40;37;314;161;153;89;39;50
551673.164668238;5448358.25808801;591815;Štěměchy;6113;Třebíč;307;164;143;48;28;20;196;106;90;63;30;33
547381.776939089;5436637.29091368;591823;Štěpkov;6106;Moravské Budějovice;109;58;51;19;11;8;67;36;31;23;11;12
580080.607121314;5460069.13468294;591831;Tasov;6114;Velké Meziříčí;658;331;327;121;63;58;417;215;202;120;53;67
567596.384392783;5456611.52921095;591840;Trnava;6113;Třebíč;691;344;347;124;60;64;472;246;226;95;38;57
548808.415730618;5430596.39948824;591858;Třebelovice;6106;Moravské Budějovice;421;217;204;64;28;36;275;150;125;82;39;43
574864.701875632;5446762.05780921;591866;Třebenice;6113;Třebíč;437;220;217;62;32;30;296;157;139;79;31;48
575127.238322583;5444240.0127638;591874;Valeč;6113;Třebíč;776;366;410;169;78;91;506;252;254;101;36;65
570735.964197543;5452153.05125305;591904;Vladislav;6113;Třebíč;1180;604;576;160;84;76;779;412;367;241;108;133
568666.419935669;5462088.08624475;591912;Vlčatín;6113;Třebíč;139;68;71;28;10;18;85;46;39;26;12;14
564178.501394719;5443616.41351684;591939;Výčapy;6113;Třebíč;886;467;419;147;81;66;607;328;279;132;58;74
579870.190742571;5454576.78210706;591947;Zahrádka;6107;Náměšť nad Oslavou;142;74;68;23;13;10;94;48;46;25;13;12
571545.381194215;5442360.66881095;591955;Zárubice;6113;Třebíč;119;65;54;12;9;3;77;45;32;30;11;19
552616.314185893;5456552.22493334;591963;Zašovice;6113;Třebíč;118;63;55;12;6;6;77;42;35;29;15;14
563115.571216907;5430741.47749992;591980;Zvěrkovice;6106;Moravské Budějovice;237;116;121;35;13;22;156;79;77;46;24;22
549634.220982089;5443323.12425198;591998;Želetava;6106;Moravské Budějovice;1541;781;760;229;129;100;1035;530;505;277;122;155
682038.252944115;5437289.02189759;592005;Uherské Hradiště;7207;Uherské Hradiště;25254;11936;13318;3446;1759;1687;16769;8228;8541;5039;1949;3090
680793.673568377;5444402.96234938;592013;Babice;7207;Uherské Hradiště;1785;866;919;218;101;117;1264;649;615;303;116;187
699435.365000764;5428883.85869841;592021;Bánov;7208;Uherský Brod;2078;1044;1034;302;145;157;1406;750;656;370;149;221
686380.639274662;5441549.98064725;592030;Bílovice;7207;Uherské Hradiště;1849;911;938;328;156;172;1241;643;598;280;112;168
706003.611674028;5434870.49594301;592048;Bojkovice;7208;Uherský Brod;4393;2152;2241;586;298;288;2918;1504;1414;889;350;539
688260.462727423;5422907.16572266;592056;Boršice u Blatnice;7207;Uherské Hradiště;833;421;412;118;65;53;568;297;271;147;59;88
671723.393999016;5436698.99284101;592064;Boršice;7207;Uherské Hradiště;2188;1064;1124;296;146;150;1454;755;699;438;163;275
670142.279958033;5442781.28218616;592072;Břestek;7207;Uherské Hradiště;816;398;418;127;61;66;541;287;254;148;50;98
688855.482703504;5444972.21569723;592081;Březolupy;7207;Uherské Hradiště;1691;844;847;256;126;130;1133;595;538;302;123;179
701171.313297191;5421897.18572266;592099;Březová;7208;Uherský Brod;1011;522;489;177;89;88;649;355;294;185;78;107
668100.419579414;5440121.67007072;592102;Buchlovice;7207;Uherské Hradiště;2463;1174;1289;324;162;162;1507;768;739;632;244;388
702714.596575099;5427637.8129034;592111;Bystřice pod Lopeníkem;7208;Uherský Brod;804;398;406;103;47;56;554;295;259;147;56;91
691602.747300672;5441878.80877607;592137;Částkov;7207;Uherské Hradiště;382;194;188;52;27;25;263;142;121;67;25;42
688836.835065955;5427039.30534869;592145;Dolní Němčí;7208;Uherský Brod;2999;1481;1518;413;226;187;2066;1042;1024;520;213;307
690041.961546901;5436020.14657577;592153;Drslavice;7208;Uherský Brod;530;262;268;85;44;41;364;189;175;81;29;52
684904.223575003;5428620.65915566;592170;Hluk;7207;Uherské Hradiště;4423;2176;2247;636;304;332;2998;1548;1450;789;324;465
693090.516616033;5422293.77343576;592188;Horní Němčí;7208;Uherský Brod;825;410;415;107;58;49;550;281;269;168;71;97
664938.550715561;5434121.43071797;592196;Hostějov;7207;Uherské Hradiště;38;22;16;4;3;1;30;17;13;4;2;2
688476.079306606;5437207.09374306;592200;Hradčovice;7208;Uherský Brod;1021;518;503;179;102;77;659;342;317;183;74;109
680023.254866778;5441894.2697366;592218;Huštěnovice;7207;Uherské Hradiště;1014;516;498;164;89;75;675;351;324;175;76;99
676684.532937594;5443095.09706095;592226;Jalubí;7207;Uherské Hradiště;1835;901;934;329;156;173;1223;636;587;283;109;174
673754.81278273;5448095.88945771;592234;Jankovice;7207;Uherské Hradiště;469;240;229;78;37;41;304;166;138;87;37;50
692990.413316339;5443666.70294597;592251;Kelníky;7213;Zlín;152;87;65;17;11;6;99;59;40;36;17;19
683233.409831987;5441806.34540796;592269;Kněžpole;7207;Uherské Hradiště;1115;569;546;173;97;76;749;388;361;193;84;109
705314.781980124;5429766.54028653;592277;Komňa;7208;Uherský Brod;571;284;287;84;37;47;384;202;182;103;45;58
696134.509574378;5423311.90388766;592285;Korytná;7208;Uherský Brod;957;472;485;123;62;61;639;341;298;195;69;126
675557.739679556;5435141.62829089;592293;Kostelany nad Moravou;7207;Uherské Hradiště;927;459;468;146;83;63;629;315;314;152;61;91
675490.049830701;5449194.85446567;592307;Košíky;7207;Uherské Hradiště;388;194;194;44;17;27;271;152;119;73;25;48
678429.335729085;5446553.16038399;592323;Kudlovice;7207;Uherské Hradiště;959;469;490;151;76;75;652;324;328;156;69;87
703875.564009317;5424214.32026483;592340;Lopeník;7208;Uherský Brod;206;106;100;38;16;22;132;72;60;36;18;18
666116.595960921;5435777.9869622;592366;Medlovice;7207;Uherské Hradiště;467;240;227;76;45;31;334;172;162;57;23;34
685766.133549285;5439328.6811544;592382;Mistřice;7207;Uherské Hradiště;1193;605;588;190;88;102;814;441;373;189;76;113
675249.187591711;5442714.48790056;592391;Modrá;7207;Uherské Hradiště;728;349;379;136;67;69;457;225;232;135;57;78
689363.741018097;5440742.42274154;592404;Nedachlebice;7207;Uherské Hradiště;796;389;407;103;46;57;537;279;258;156;64;92
673885.289761117;5433807.92557835;592412;Nedakonice;7207;Uherské Hradiště;1609;802;807;264;132;132;1079;558;521;266;112;154
701344.699027769;5431813.26969009;592421;Nezdenice;7208;Uherský Brod;741;356;385;90;42;48;419;234;185;232;80;152
693898.690718119;5427846.15009682;592439;Nivnice;7208;Uherský Brod;3335;1648;1687;492;253;239;2203;1129;1074;640;266;374
667883.947737616;5432776.39853258;592447;Ořechov;7207;Uherské Hradiště;737;376;361;115;67;48;504;264;240;118;45;73
681458.068847757;5427204.43535536;592455;Ostrožská Lhota;7207;Uherské Hradiště;1506;745;761;196;105;91;1038;547;491;272;93;179
678190.090733037;5431326.34899552;592463;Ostrožská Nová Ves;7207;Uherské Hradiště;3412;1684;1728;520;280;240;2213;1124;1089;679;280;399
663847.955426225;5437663.98586645;592471;Osvětimany;7207;Uherské Hradiště;873;428;445;125;65;60;570;298;272;178;65;113
693832.585296161;5439732.16584585;592480;Pašovice;7208;Uherský Brod;726;370;356;95;47;48;502;271;231;129;52;77
710378.332554441;5433712.45575513;592498;Pitín;7208;Uherský Brod;917;454;463;137;73;64;621;327;294;159;54;105
685316.890801269;5433892.92591159;592501;Podolí;7207;Uherské Hradiště;862;424;438;147;70;77;578;296;282;137;58;79
671438.973625966;5432985.06232048;592510;Polešovice;7207;Uherské Hradiště;1985;975;1010;320;161;159;1300;668;632;365;146;219
685234.510893149;5436649.22208287;592528;Popovice;7207;Uherské Hradiště;1055;521;534;152;74;78;713;376;337;190;71;119
692756.758359672;5437991.89615448;592536;Prakšice;7208;Uherský Brod;1028;505;523;179;91;88;680;342;338;169;72;97
700293.209409924;5437664.92532858;592552;Rudice;7208;Uherský Brod;443;205;238;52;24;28;293;142;151;98;39;59
669708.080056441;5446365.60902156;592561;Salaš;7207;Uherské Hradiště;394;204;190;54;27;27;270;146;124;70;31;39
691129.048452207;5422444.04708378;592579;Slavkov;7208;Uherský Brod;662;315;347;89;42;47;426;217;209;147;56;91
666297.848472885;5445333.67387496;592587;Staré Hutě;7207;Uherské Hradiště;133;72;61;16;6;10;97;55;42;20;11;9
709842.02659447;5426974.1451699;592609;Starý Hrozenkov;7208;Uherský Brod;906;488;418;118;65;53;619;351;268;169;72;97
696905.969255587;5418402.77856149;592617;Strání;7208;Uherský Brod;3569;1757;1812;486;254;232;2389;1232;1157;694;271;423
668217.706438254;5436701.87506551;592625;Stříbrnice;7207;Uherské Hradiště;433;221;212;59;25;34;286;161;125;88;35;53
664341.912778336;5443290.46791316;592633;Stupava;7207;Uherské Hradiště;147;76;71;15;6;9;89;51;38;43;19;24
698248.240247715;5425878.21054463;592641;Suchá Loz;7208;Uherský Brod;1146;566;580;209;108;101;710;366;344;227;92;135
679121.490853657;5443800.38723788;592650;Sušice;7207;Uherské Hradiště;602;305;297;86;40;46;405;220;185;111;45;66
690959.834523919;5443713.56516944;592668;Svárov;7207;Uherské Hradiště;243;126;117;28;16;12;158;83;75;57;27;30
699024.294229361;5433984.24428066;592676;Šumice;7208;Uherský Brod;1678;859;819;241;149;92;1114;562;552;323;148;175
685205.091021782;5444622.40317276;592692;Topolná;7207;Uherské Hradiště;1608;801;807;222;118;104;1117;578;539;269;105;164
677003.052677055;5445231.10112953;592706;Traplice;7207;Uherské Hradiště;1138;551;587;157;67;90;782;400;382;199;84;115
670317.942958192;5435536.3695935;592714;Tučapy;7207;Uherské Hradiště;247;121;126;43;25;18;154;81;73;50;15;35
673286.682233336;5440351.55513127;592722;Tupesy;7207;Uherské Hradiště;1135;565;570;180;89;91;781;402;379;174;74;100
694281.297846799;5433979.74414774;592731;Uherský Brod;7208;Uherský Brod;16591;8177;8414;2251;1194;1057;11102;5677;5425;3238;1306;1932
676229.486934918;5428322.91648482;592749;Uherský Ostroh;7207;Uherské Hradiště;4320;2095;2225;574;304;270;2847;1436;1411;899;355;544
666398.465886864;5434208.79307887;592757;Újezdec;7207;Uherské Hradiště;245;118;127;50;16;34;147;79;68;48;23;25
706925.499677778;5426584.8524412;592773;Vápenice;7208;Uherský Brod;205;114;91;32;17;15;136;82;54;37;15;22
668743.33983612;5434243.19245963;592781;Vážany;7207;Uherské Hradiště;456;230;226;76;38;38;298;158;140;82;34;48
672920.597819724;5445220.22820897;592790;Velehrad;7207;Uherské Hradiště;1203;573;630;167;85;82;785;384;401;251;104;147
687342.204679096;5433985.66040846;592803;Veletiny;7208;Uherský Brod;559;287;272;75;40;35;371;200;171;113;47;66
688705.318597227;5430383.5766453;592820;Vlčnov;7208;Uherský Brod;3010;1483;1527;413;220;193;2028;1028;1000;569;235;334
709356.31689816;5424445.52079091;592838;Vyškovec;7208;Uherský Brod;153;87;66;25;14;11;99;59;40;29;14;15
702798.072082376;5434140.38394594;592846;Záhorovice;7208;Uherský Brod;1075;556;519;140;85;55;753;390;363;182;81;101
691956.987923387;5445644.00467236;592854;Zlámanec;7207;Uherské Hradiště;313;164;149;51;23;28;207;114;93;55;27;28
674320.543241992;5438351.07395329;592862;Zlechov;7207;Uherské Hradiště;1670;815;855;267;127;140;1094;557;537;309;131;178
711318.18227696;5429331.22269851;592871;Žítková;7208;Uherský Brod;171;81;90;28;13;15;112;56;56;31;12;19
642714.43194522;5462338.73569076;592889;Vyškov;6219;Vyškov;21250;10324;10926;2944;1508;1436;14472;7252;7220;3834;1564;2270
646242.479795848;5450338.86388328;592897;Bohaté Málkovice;6205;Bučovice;263;124;139;48;20;28;167;86;81;48;18;30
649066.116718927;5453640.61968302;592901;Bohdalice-Pavlovice;6219;Vyškov;856;430;426;130;65;65;594;313;281;132;52;80
634451.833757668;5435506.3331078;592919;Bošovice;6215;Slavkov u Brna;1216;612;604;218;123;95;802;403;399;196;86;110
656322.882724782;5446780.39579045;592927;Brankovice;6205;Bučovice;885;438;447;129;63;66;614;315;299;142;60;82
641356.715974883;5473729.30499631;592935;Březina;6219;Vyškov;2;2;0;0;0;0;1;1;0;1;1;0
645924.724737907;5445489.24656047;592943;Bučovice;6205;Bučovice;6439;3173;3266;979;492;487;4282;2207;2075;1178;474;704
656023.079698832;5459746.17887904;592978;Dětkovice;6219;Vyškov;274;140;134;38;19;19;182;99;83;54;22;32
653716.474129081;5447923.68302236;592986;Dobročkovice;6205;Bučovice;206;99;107;28;12;16;142;74;68;36;13;23
641624.604173653;5450724.65543265;592994;Dražovice;6205;Bučovice;904;451;453;156;76;80;600;316;284;148;59;89
641359.700099601;5460326.43331737;593001;Drnovice;6219;Vyškov;2354;1172;1182;392;215;177;1519;771;748;443;186;257
650103.429756077;5467010.38132378;593010;Drysice;6219;Vyškov;566;278;288;102;48;54;382;200;182;82;30;52
637125.674978631;5454428.73018408;593028;Habrovany;6219;Vyškov;831;419;412;134;72;62;551;290;261;146;57;89
645280.825100323;5455789.82970911;593036;Hlubočany;6219;Vyškov;493;249;244;87;46;41;313;164;149;93;39;54
639745.781284662;5444821.11071461;593044;Hodějice;6215;Slavkov u Brna;969;464;505;151;65;86;636;324;312;182;75;107
629900.213426401;5442320.5494858;593052;Hostěrádky-Rešov;6215;Slavkov u Brna;848;419;429;127;61;66;564;287;277;157;71;86
650097.311777018;5461613.78476386;593061;Hoštice-Heroltice;6219;Vyškov;605;318;287;97;53;44;403;218;185;105;47;58
634173.658438616;5442466.0170374;593079;Hrušky;6215;Slavkov u Brna;771;370;401;133;57;76;501;251;250;137;62;75
651605.78166345;5451849.64815484;593087;Hvězdlice;6219;Vyškov;584;277;307;72;42;30;343;179;164;169;56;113
653458.692762336;5450578.82822988;593095;Chvalkovice;6205;Bučovice;248;129;119;30;15;15;171;99;72;47;15;32
652866.609040451;5464392.80355353;593117;Ivanovice na Hané;6219;Vyškov;2908;1419;1489;438;221;217;1929;994;935;541;204;337
636920.565217236;5463320.90010103;593125;Ježkovice;6219;Vyškov;381;188;193;49;26;23;263;130;133;69;32;37
638138.042787476;5438582.22888454;593141;Kobeřice u Brna;6215;Slavkov u Brna;703;342;361;133;65;68;457;227;230;113;50;63
647881.414870978;5448709.32944124;593150;Kojátky;6205;Bučovice;308;163;145;42;24;18;216;117;99;50;22;28
639309.47749266;5452303.68271804;593168;Komořany;6219;Vyškov;694;357;337;95;51;44;487;255;232;112;51;61
659273.476989156;5447330.99046843;593184;Kožušice;6205;Bučovice;118;61;57;13;8;5;80;41;39;25;12;13
633838.459464665;5469520.77519849;593192;Krásensko;6219;Vyškov;415;208;207;58;24;34;279;150;129;78;34;44
632981.662525117;5445420.84023666;593214;Křenovice;6215;Slavkov u Brna;1901;947;954;301;166;135;1295;663;632;305;118;187
641768.249013072;5445511.02679303;593222;Křižanovice;6205;Bučovice;792;407;385;131;72;59;522;275;247;139;60;79
648130.500598078;5461819.3403859;593231;Křižanovice u Vyškova;6219;Vyškov;133;64;69;14;8;6;99;47;52;20;9;11
645974.078853384;5453539.86686714;593249;Kučerov;6219;Vyškov;498;245;253;78;40;38;333;171;162;87;34;53
643371.97870852;5449312.31359339;593257;Letonice;6205;Bučovice;1383;695;688;181;81;100;958;500;458;244;114;130
634737.896767123;5437028.57478575;593265;Lovčičky;6215;Slavkov u Brna;663;322;341;121;55;66;431;223;208;111;44;67
640410.551970468;5457921.84146372;593273;Luleč;6219;Vyškov;907;458;449;160;88;72;599;304;295;148;66;82
643437.994486489;5452889.12757245;593281;Lysovice;6219;Vyškov;279;146;133;47;27;20;179;94;85;53;25;28
657850.429408722;5447346.22863825;593290;Malínky;6205;Bučovice;142;77;65;28;19;9;87;46;41;27;12;15
634974.540667734;5438927.86482263;593320;Milešovice;6215;Slavkov u Brna;682;348;334;125;75;50;440;227;213;117;46;71
650063.090711067;5448320.32674625;593338;Milonice;6205;Bučovice;362;193;169;57;34;23;225;124;101;80;35;45
652213.800835801;5458330.3125153;593346;Moravské Málkovice;6219;Vyškov;573;297;276;93;51;42;374;202;172;106;44;62
654063.915718997;5440916.97806436;593354;Mouchnice;6210;Kyjov;320;169;151;45;25;20;216;116;100;59;28;31
640007.354421435;5447711.67560958;593371;Němčany;6215;Slavkov u Brna;799;389;410;142;67;75;512;261;251;145;61;84
655739.300138248;5450680.60967068;593389;Nemochovice;6205;Bučovice;280;138;142;42;22;20;184;94;90;54;22;32
639023.153595409;5456817.98456696;593397;Nemojany;6219;Vyškov;675;334;341;132;66;66;421;214;207;122;54;68
655059.518637232;5444243.82308245;593401;Nemotice;6205;Bučovice;410;221;189;49;24;25;284;166;118;77;31;46
651983.758909784;5445730.72736628;593419;Nesovice;6205;Bučovice;1073;542;531;129;71;58;695;367;328;249;104;145
649847.288773808;5443858.06649621;593427;Nevojice;6205;Bučovice;417;222;195;56;31;25;297;161;136;64;30;34
638266.411357443;5441638.01817753;593435;Nížkovice;6215;Slavkov u Brna;690;348;342;97;51;46;467;245;222;126;52;74
638102.623564573;5474617.98112207;593443;Nové Sady;6219;Vyškov;110;59;51;16;9;7;66;38;28;28;12;16
652399.460975757;5455718.68764846;593460;Orlovice;6219;Vyškov;322;163;159;56;31;25;203;110;93;63;22;41
632228.654930738;5438530.31690874;593478;Otnice;6215;Slavkov u Brna;1521;756;765;258;125;133;1020;523;497;243;108;135
646912.614679425;5470315.90862411;593486;Podivice;6219;Vyškov;201;101;100;32;16;16;129;68;61;40;17;23
649339.945661661;5457993.76938927;593494;Prusy-Boškůvky;6219;Vyškov;633;320;313;116;62;54;398;207;191;119;51;68
648180.559096312;5464438.80087669;593508;Pustiměř;6219;Vyškov;1754;857;897;302;153;149;1214;608;606;238;96;142
636338.720188898;5460349.56713857;593516;Račice-Pístovice;6219;Vyškov;1193;594;599;204;110;94;786;398;388;203;86;117
645328.644154402;5465019.11182111;593524;Radslavice;6219;Vyškov;425;219;206;80;43;37;263;139;124;82;37;45
642271.806103278;5442980.36147195;593532;Rašovice;6205;Bučovice;680;348;332;120;72;48;450;224;226;110;52;58
636919.413338021;5451174.45753224;593559;Rousínov;6219;Vyškov;5621;2749;2872;932;454;478;3680;1851;1829;1009;444;565
633507.662344886;5464666.2466285;593567;Ruprechtov;6219;Vyškov;605;300;305;94;51;43;407;208;199;104;41;63
636724.200807811;5446062.62378563;593583;Slavkov u Brna;6215;Slavkov u Brna;6564;3175;3389;1092;543;549;4331;2177;2154;1141;455;686
652788.874624345;5442922.44551116;593591;Snovídky;6205;Bučovice;356;176;180;47;22;25;238;127;111;71;27;44
636497.411776098;5471359.59886008;593605;Studnice;6219;Vyškov;481;236;245;55;29;26;321;163;158;105;44;61
632225.148308865;5441249.42600971;593613;Šaratice;6215;Slavkov u Brna;1043;527;516;188;99;89;677;352;325;178;76;102
654670.599072413;5458494.38543815;593621;Švábenice;6219;Vyškov;1030;535;495;198;101;97;673;362;311;159;72;87
648190.113741309;5459652.50495134;593630;Topolany;6219;Vyškov;324;163;161;55;29;26;206;104;102;63;30;33
639555.187370937;5454849.0356839;593648;Tučapy;6219;Vyškov;552;287;265;80;44;36;363;196;167;109;47;62
648825.776303635;5456173.95878941;593656;Vážany;6219;Vyškov;444;223;221;81;40;41;282;152;130;81;31;50
635900.745385137;5442697.70037908;593664;Vážany nad Litavou;6215;Slavkov u Brna;714;355;359;117;63;54;479;239;240;118;53;65
634772.755227523;5448773.56305303;593681;Velešovice;6215;Slavkov u Brna;1257;638;619;223;107;116;847;451;396;187;80;107
631342.121200624;5443950.05642335;593699;Zbýšov;6215;Slavkov u Brna;625;295;330;135;67;68;421;203;218;69;25;44
646600.284170216;5466520.03229066;593702;Zelená Hora;6219;Vyškov;274;134;140;42;22;20;186;93;93;46;19;27
576846.529062511;5411270.80569032;593711;Znojmo;6220;Znojmo;33787;15986;17801;5075;2629;2446;22019;10674;11345;6693;2683;4010
586156.318084296;5414355.73603804;593729;Bantice;6220;Znojmo;274;131;143;52;20;32;189;101;88;33;10;23
577771.436766973;5427308.14085643;593737;Běhařovice;6220;Znojmo;378;200;178;49;26;23;242;135;107;87;39;48
569125.131349442;5413794.72591543;593745;Bezkov;6220;Znojmo;200;110;90;35;19;16;131;78;53;34;13;21
552757.667714272;5420462.87626001;593753;Bítov;6220;Znojmo;158;86;72;23;17;6;94;50;44;41;19;22
564418.974562233;5427360.44219818;593761;Blanné;6220;Znojmo;71;37;34;4;2;2;53;27;26;14;8;6
560499.415900589;5426659.09610434;593770;Blížkovice;6220;Znojmo;1189;605;584;179;101;78;819;420;399;191;84;107
598795.589028854;5427213.93589302;593788;Bohutice;6212;Moravský Krumlov;595;294;301;71;35;36;407;207;200;117;52;65
571953.60205632;5422981.23876328;593796;Bojanovice;6220;Znojmo;189;106;83;31;23;8;121;66;55;37;17;20
590722.75497614;5412246.38491932;593800;Borotice;6220;Znojmo;417;227;190;78;40;38;281;160;121;58;27;31
568897.917482648;5425526.41563089;593818;Boskovštejn;6220;Znojmo;151;79;72;20;11;9;101;57;44;30;11;19
594261.95671753;5410589.8552818;593826;Božice;6220;Znojmo;1545;745;800;267;132;135;1018;511;507;260;102;158
604950.05392285;5424266.10847945;593834;Branišovice;6213;Pohořelice;595;308;287;106;57;49;401;215;186;88;36;52
598843.121908797;5414218.69840103;593842;Břežany;6220;Znojmo;856;408;448;86;40;46;648;325;323;122;43;79
571533.744639787;5415037.1136281;593851;Citonice;6220;Znojmo;590;291;299;107;52;55;398;203;195;85;36;49
562353.966816842;5424455.51387957;593869;Ctidružice;6220;Znojmo;318;160;158;45;17;28;202;109;93;71;34;37
594161.64689;5414694.67067076;593877;Čejkovice;6220;Znojmo;221;117;104;29;16;13;152;86;66;40;15;25
587253.52047959;5431040.89998166;593885;Čermákovice;6212;Moravský Krumlov;90;41;49;10;6;4;55;28;27;25;7;18
575003.52185173;5426588.67782727;593893;Černín;6220;Znojmo;140;73;67;18;9;9;93;50;43;29;14;15
600262.337065232;5419056.0158122;593907;Damnice;6212;Moravský Krumlov;327;170;157;41;28;13;223;113;110;63;29;34
592624.437984909;5428838.44833698;593923;Dobelice;6212;Moravský Krumlov;266;129;137;34;15;19;188;97;91;44;17;27
592214.718828348;5434483.66044469;593931;Dobřínsko;6212;Moravský Krumlov;399;184;215;66;21;45;267;137;130;66;26;40
599156.927448086;5417650.43885285;593958;Dolenice;6212;Moravský Krumlov;151;71;80;22;10;12;93;46;47;36;15;21
589823.107779659;5434670.29905118;593966;Dolní Dubňany;6212;Moravský Krumlov;484;246;238;76;36;40;310;162;148;98;48;50
596621.525319258;5401632.39002447;593974;Dyjákovice;6220;Znojmo;848;436;412;138;72;66;576;309;267;134;55;79
580263.832972527;5401945.85621629;593982;Dyjákovičky;6220;Znojmo;528;262;266;91;46;45;355;179;176;82;37;45
582346.375528404;5411282.27233294;593991;Dyje;6220;Znojmo;447;225;222;69;36;33;299;150;149;79;39;40
588818.074646128;5428465.23244698;594008;Džbánice;6212;Moravský Krumlov;153;76;77;29;19;10;99;46;53;25;11;14
565185.742745657;5425825.03844523;594016;Grešlové Mýto;6220;Znojmo;224;120;104;48;29;19;145;79;66;31;12;19
574133.871927109;5406982.47012278;594024;Havraníky;6220;Znojmo;343;175;168;42;22;20;243;126;117;58;27;31
601080.12755943;5401485.65159512;594032;Hevlín;6220;Znojmo;1437;736;701;243;133;110;1011;530;481;183;73;110
574939.54795882;5420973.76696822;594041;Hluboké Mašůvky;6220;Znojmo;805;409;396;137;74;63;529;272;257;139;63;76
571621.706141819;5405901.78010993;594059;Hnanice;6220;Znojmo;346;169;177;69;32;37;250;126;124;27;11;16
586802.149531368;5410120.94212949;594067;Hodonice;6220;Znojmo;1826;928;898;360;196;164;1255;648;607;211;84;127
564017.028991874;5414890.12080884;594075;Horní Břečkov;6220;Znojmo;267;133;134;43;22;21;177;88;89;47;23;24
587358.86053333;5435053.24122053;594083;Horní Dubňany;6212;Moravský Krumlov;299;151;148;34;17;17;201;105;96;64;29;35
585078.526525735;5422898.86429835;594091;Horní Dunajovice;6220;Znojmo;613;301;312;88;41;47;415;214;201;110;46;64
584214.011531112;5431153.40978575;594105;Horní Kounice;6212;Moravský Krumlov;308;156;152;51;32;19;199;100;99;58;24;34
592524.547786299;5422718.04571699;594113;Hostěradice;6212;Moravský Krumlov;1483;766;717;215;120;95;991;524;467;277;122;155
566881.067533642;5429750.38356604;594121;Hostim;6220;Znojmo;435;225;210;43;22;21;261;146;115;131;57;74
604057.294251263;5404898.04036264;594130;Hrabětice;6220;Znojmo;880;467;413;126;66;60;582;324;258;172;77;95
593472.697102702;5403904.67508963;594148;Hrádek;6220;Znojmo;893;455;438;129;64;65;615;323;292;149;68;81
603322.570484303;5409356.97600992;594156;Hrušovany nad Jevišovkou;6220;Znojmo;3314;1656;1658;518;265;253;2278;1170;1108;518;221;297
555408.212420231;5422315.69154388;594164;Chvalatice;6220;Znojmo;104;58;46;11;8;3;64;39;25;29;11;18
578249.597879355;5403911.33731738;594172;Chvalovice;6220;Znojmo;630;307;323;119;54;65;430;219;211;81;34;47
591403.74252462;5437284.46568319;594181;Jamolice;6212;Moravský Krumlov;439;226;213;55;30;25;310;162;148;74;34;40
590758.247102894;5400935.34776946;594199;Jaroslavice;6220;Znojmo;1261;635;626;207;92;115;894;478;416;160;65;95
572090.047071122;5425518.74951295;594202;Jevišovice;6220;Znojmo;1140;567;573;162;74;88;724;385;339;254;108;146
604441.713198061;5431983.97641343;594211;Jezeřany-Maršovice;6212;Moravský Krumlov;784;404;380;124;63;61;534;284;250;126;57;69
602381.278853434;5419461.11609473;594229;Jiřice u Miroslavi;6212;Moravský Krumlov;456;229;227;79;39;40;302;160;142;75;30;45
594119.494942386;5426105.53443943;594237;Kadov;6212;Moravský Krumlov;144;64;80;26;8;18;85;43;42;33;13;20
548284.545950249;5419196.04939694;594253;Korolupy;6220;Znojmo;157;84;73;16;8;8;116;68;48;25;8;17
571930.265717976;5419483.53776914;594261;Kravsko;6220;Znojmo;540;252;288;85;39;46;346;175;171;109;38;71
587707.785880319;5408278.89483385;594270;Krhovice;6220;Znojmo;536;277;259;96;51;45;363;192;171;77;34;43
580456.233365369;5426326.83170828;594288;Křepice;6220;Znojmo;116;63;53;12;4;8;82;50;32;22;9;13
603550.596439722;5428635.32140924;594296;Kubšice;6212;Moravský Krumlov;160;84;76;32;17;15;103;55;48;25;12;13
578841.490610755;5414476.44358238;594300;Kuchařovice;6220;Znojmo;960;463;497;154;70;84;657;341;316;149;52;97
584467.710981664;5417759.12667369;594318;Kyjovice;6220;Znojmo;155;68;87;25;11;14;97;46;51;33;11;22
556443.264907397;5418548.66325448;594326;Lančov;6220;Znojmo;232;111;121;34;11;23;170;91;79;28;9;19
589361.2377138;5413411.54470918;594334;Lechovice;6220;Znojmo;509;257;252;96;44;52;358;187;171;55;26;29
564219.972378788;5417589.08311693;594342;Lesná;6220;Znojmo;269;136;133;43;25;18;178;91;87;48;20;28
596188.61125606;5428561.16376277;594351;Lesonice;6212;Moravský Krumlov;219;114;105;38;21;17;130;70;60;51;23;28
603230.24648514;5414880.62047948;594369;Litobratřice;6220;Znojmo;468;236;232;74;39;35;327;167;160;67;30;37
606312.755647324;5429686.62093187;594377;Loděnice;6213;Pohořelice;515;271;244;82;46;36;361;194;167;72;31;41
544462.544431251;5421229.88340222;594385;Lubnice;6220;Znojmo;69;35;34;8;5;3;46;23;23;15;7;8
566270.486992878;5412370.72750102;594393;Lukov;6220;Znojmo;264;141;123;33;21;12;177;95;82;54;25;29
596099.551683843;5416445.83935989;594407;Mackovice;6220;Znojmo;366;186;180;66;28;38;235;125;110;65;33;32
571547.517414735;5412170.08417032;594415;Mašovice;6220;Znojmo;493;249;244;80;44;36;337;178;159;76;27;49
582499.302186598;5428493.10918107;594423;Medlice;6220;Znojmo;167;91;76;11;5;6;122;69;53;34;17;17
580650.350973374;5423548.6470939;594431;Mikulovice;6220;Znojmo;639;317;322;101;42;59;429;227;202;109;48;61
568633.207647142;5416683.38073471;594440;Milíčovice;6220;Znojmo;210;110;100;29;18;11;144;75;69;37;17;20
596832.019490665;5421515.25255995;594458;Miroslav;6212;Moravský Krumlov;2887;1434;1453;403;216;187;1953;984;969;531;234;297
597259.592725202;5425738.36818006;594466;Miroslavské Knínice;6212;Moravský Krumlov;332;164;168;28;12;16;214;111;103;90;41;49
588152.534312955;5423040.63831617;594474;Morašice;6220;Znojmo;234;119;115;28;13;15;147;81;66;59;25;34
598032.593230379;5433269.03516256;594482;Moravský Krumlov;6212;Moravský Krumlov;5840;2786;3054;756;368;388;3958;1950;2008;1126;468;658
600591.964647731;5424497.90206069;594512;Našiměřice;6212;Moravský Krumlov;213;112;101;35;16;19;163;91;72;15;5;10
580631.301662252;5421626.29292311;594521;Němčičky;6220;Znojmo;90;49;41;9;5;4;64;37;27;17;7;10
569022.275496281;5420063.04311939;594555;Olbramkostel;6220;Znojmo;532;265;267;93;43;50;360;188;172;79;34;45
601751.270322292;5426965.28741126;594563;Olbramovice;6212;Moravský Krumlov;1129;583;546;166;89;77;797;421;376;166;73;93
591989.376691753;5417910.61226455;594571;Oleksovice;6220;Znojmo;694;357;337;105;57;48;468;248;220;121;52;69
561529.740306352;5417869.96234014;594580;Onšov;6220;Znojmo;75;38;37;8;5;3;52;26;26;15;7;8
551198.763259737;5419296.11176366;594598;Oslnovice;6220;Znojmo;85;41;44;5;3;2;65;32;33;15;6;9
567035.820192266;5423932.27800871;594601;Pavlice;6220;Znojmo;462;224;238;81;33;48;294;154;140;87;37;50
594069.169709592;5428593.15189944;594610;Petrovice;6212;Moravský Krumlov;353;172;181;50;22;28;241;122;119;62;28;34
578617.922607866;5420141.19812213;594628;Plaveč;6220;Znojmo;444;202;242;57;27;30;259;128;131;128;47;81
549584.906373569;5416403.76781316;594636;Podhradí nad Dyjí;6220;Znojmo;53;25;28;3;1;2;34;21;13;16;3;13
569553.606673805;5409724.72262152;594644;Podmolí;6220;Znojmo;172;84;88;24;12;12;114;59;55;34;13;21
557232.585607323;5414883.02782094;594652;Podmyče;6220;Znojmo;95;56;39;14;8;6;68;43;25;13;5;8
587749.796359699;5413905.03466442;594679;Práče;6220;Znojmo;822;406;416;138;73;65;610;297;313;74;36;38
599712.803453541;5411229.72609407;594687;Pravice;6220;Znojmo;332;165;167;55;25;30;233;124;109;44;16;28
565791.690433878;5427219.01611813;594695;Prokopov;6220;Znojmo;97;50;47;14;8;6;64;31;33;19;11;8
587063.674201301;5417292.83291696;594709;Prosiměřice;6220;Znojmo;826;389;437;129;69;60;534;262;272;163;58;105
584637.192779525;5434331.5010466;594725;Rešice;6212;Moravský Krumlov;354;178;176;42;23;19;242;128;114;70;27;43
570244.025755915;5431541.59335357;594733;Rozkoš;6220;Znojmo;173;86;87;16;9;7;111;58;53;46;19;27
577691.534414944;5422499.89883104;594741;Rudlice;6220;Znojmo;104;52;52;16;7;9;58;34;24;30;11;19
593158.022539765;5431649.39252936;594750;Rybníky;6212;Moravský Krumlov;395;209;186;61;26;35;264;152;112;70;31;39
589865.423601791;5425303.38966804;594768;Skalice;6212;Moravský Krumlov;517;238;279;73;30;43;333;170;163;111;38;73
574781.524950468;5429832.2015554;594776;Slatina;6220;Znojmo;245;114;131;39;16;23;152;81;71;54;17;37
587551.846154972;5402160.41225016;594784;Slup;6220;Znojmo;480;247;233;81;41;40;314;162;152;85;44;41
550153.86173581;5413971.96115419;594792;Stálky;6220;Znojmo;134;64;70;17;10;7;96;47;49;21;7;14
553659.778287608;5416170.1880782;594806;Starý Petřín;6220;Znojmo;227;115;112;28;17;11;164;88;76;35;10;25
589211.228823346;5416474.79249919;594814;Stošíkovice na Louce;6220;Znojmo;250;125;125;41;20;21;185;97;88;24;8;16
585857.275466303;5404428.20932709;594822;Strachotice;6220;Znojmo;1068;552;516;195;104;91;734;389;345;139;59;80
571662.908049621;5428327.50320171;594831;Střelice;6220;Znojmo;172;76;96;20;5;15;96;50;46;56;21;35
600471.128871457;5422427.64205484;594849;Suchohrdly u Miroslavi;6212;Moravský Krumlov;487;252;235;64;37;27;349;184;165;74;31;43
554173.251545451;5412811.52258513;594865;Šafov;6220;Znojmo;158;88;70;19;10;9;114;69;45;25;9;16
599384.65849243;5406975.7381836;594873;Šanov;6220;Znojmo;1514;781;733;242;124;118;1033;543;490;239;114;125
575349.75472998;5404048.35639874;594881;Šatov;6220;Znojmo;1136;554;582;181;92;89;765;382;383;190;80;110
561123.877915018;5421085.54685427;594890;Štítary;6220;Znojmo;631;321;310;87;42;45;440;238;202;104;41;63
606310.18597829;5426812.68504872;594903;Šumice;6213;Pohořelice;241;126;115;39;20;19;151;86;65;51;20;31
564868.49732908;5419910.63295264;594911;Šumná;6220;Znojmo;621;322;299;100;61;39;407;209;198;114;52;62
584398.089079319;5410113.36243187;594920;Tasovice;6220;Znojmo;1380;710;670;216;122;94;960;499;461;204;89;115
579825.743760931;5431148.38044938;594938;Tavíkovice;6212;Moravský Krumlov;594;313;281;78;37;41;411;227;184;105;49;56
584715.212674618;5414992.26227807;594946;Těšetice;6220;Znojmo;585;301;284;96;55;41;398;205;193;91;41;50
603812.987407;5422329.46005053;594954;Trnové Pole;6212;Moravský Krumlov;116;59;57;15;8;7;79;42;37;22;9;13
605494.437179897;5419081.98226211;594962;Troskotovice;6213;Pohořelice;663;321;342;99;49;50;442;229;213;122;43;79
586978.545763932;5427075.55152586;594971;Trstěnice;6212;Moravský Krumlov;552;278;274;67;37;30;374;197;177;111;44;67
588414.070721433;5432590.88587956;594989;Tulešice;6212;Moravský Krumlov;192;91;101;22;9;13;125;68;57;45;14;31
582062.501654765;5418171.97838106;594997;Tvořihráz;6220;Znojmo;413;206;207;53;21;32;277;152;125;83;33;50
544466.718309264;5418724.15853156;595004;Uherčice;6220;Znojmo;396;187;209;61;21;40;271;138;133;64;28;36
576486.782235755;5431336.54023587;595012;Újezd;6220;Znojmo;76;37;39;11;5;6;51;27;24;14;5;9
577834.448232471;5417391.09915857;595021;Únanov;6220;Znojmo;1238;633;605;219;120;99;838;437;401;181;76;105
589725.656479135;5406830.18925248;595039;Valtrovice;6220;Znojmo;429;213;216;75;39;36;309;156;153;45;18;27
601533.343031391;5430129.85165913;595047;Vedrovice;6212;Moravský Krumlov;828;421;407;106;62;44;569;299;270;153;60;93
590796.171020924;5429902.88847921;595055;Vémyslice;6212;Moravský Krumlov;669;365;304;87;54;33;439;237;202;143;74;69
575800.614170607;5423775.18509582;595063;Vevčice;6220;Znojmo;70;38;32;9;4;5;46;28;18;15;6;9
584023.991109472;5426060.90389752;595071;Višňové;6220;Znojmo;1086;545;541;129;61;68;740;391;349;217;93;124
588799.77253246;5419606.02334079;595080;Vítonice;6220;Znojmo;264;136;128;43;24;19;188;102;86;33;10;23
559617.044345585;5415743.74042092;595098;Vranov nad Dyjí;6220;Znojmo;820;418;402;103;55;48;552;288;264;165;75;90
567093.75574608;5422148.74678191;595101;Vranovská Ves;6220;Znojmo;291;144;147;48;23;25;194;99;95;49;22;27
543381.710532949;5417262.25180589;595110;Vratěnín;6220;Znojmo;308;152;156;48;26;22;215;107;108;45;19;26
582164.207493074;5403796.92234066;595128;Vrbovec;6220;Znojmo;1150;587;563;212;117;95;789;408;381;149;62;87
582095.203869619;5420206.5834653;595136;Výrovice;6220;Znojmo;160;86;74;25;14;11;105;59;46;30;13;17
549850.817579261;5422026.51362036;595144;Vysočany;6220;Znojmo;94;46;48;15;7;8;57;29;28;22;10;12
557594.058733386;5423573.3929755;595152;Zálesí;6220;Znojmo;172;91;81;10;5;5;122;69;53;40;17;23
551662.896102878;5422862.87263912;595161;Zblovice;6220;Znojmo;46;26;20;4;3;1;25;14;11;17;9;8
587645.832177723;5421099.46133793;595179;Želetice;6220;Znojmo;277;137;140;32;16;16;184;96;88;61;25;36
585351.759765262;5420103.21434819;595187;Žerotice;6220;Znojmo;339;176;163;45;21;24;230;132;98;64;23;41
570439.047867394;5417391.94837915;595195;Žerůtky;6220;Znojmo;243;134;109;30;20;10;179;102;77;34;12;22
568215.568425049;5490939.82734024;595209;Žďár nad Sázavou;6115;Žďár nad Sázavou;21335;10382;10953;2912;1488;1424;14191;7153;7038;4232;1741;2491
569513.397697789;5465259.69864059;595217;Baliny;6114;Velké Meziříčí;121;61;60;19;14;5;79;37;42;23;10;13
586222.562746514;5480478.23174434;595241;Blažkov;6101;Bystřice nad Pernštejnem;292;145;147;50;22;28;189;101;88;53;22;31
566293.022971389;5473324.21256703;595250;Blízkov;6114;Velké Meziříčí;337;164;173;58;25;33;204;106;98;75;33;42
580845.07249265;5481211.7324242;595268;Bobrová;6108;Nové Město na Moravě;879;453;426;137;70;67;594;313;281;148;70;78
579364.077138546;5478215.19232378;595276;Bobrůvka;6108;Nové Město na Moravě;246;129;117;26;18;8;164;87;77;56;24;32
576379.800567656;5480804.24745636;595284;Bohdalec;6115;Žďár nad Sázavou;293;154;139;39;24;15;197;106;91;57;24;33
562908.608400415;5480461.68209677;595292;Bohdalov;6115;Žďár nad Sázavou;1168;614;554;209;107;102;783;429;354;176;78;98
587110.727368993;5490754.93174948;595306;Bohuňov;6101;Bystřice nad Pernštejnem;266;135;131;48;19;29;179;99;80;39;17;22
598902.117855982;5472805.75033777;595314;Borač;6217;Tišnov;350;185;165;52;30;22;234;126;108;64;29;35
586002.21049444;5501712.62877988;595322;Borovnice;6108;Nové Město na Moravě;187;85;102;26;9;17;122;61;61;39;15;24
589507.982346993;5467902.8630371;595331;Borovník;6217;Tišnov;101;44;57;18;6;12;71;34;37;12;4;8
579786.911896825;5466487.82862491;595349;Březejc;6114;Velké Meziříčí;141;73;68;20;14;6;100;50;50;21;9;12
588142.933906681;5466419.42444879;595357;Březí;6114;Velké Meziříčí;168;84;84;18;10;8;108;54;54;42;20;22
567548.000511784;5483970.2307477;595365;Březí nad Oslavou;6115;Žďár nad Sázavou;267;136;131;51;33;18;180;88;92;36;15;21
589272.273577287;5464104.28594985;595381;Březské;6114;Velké Meziříčí;180;97;83;18;6;12;129;77;52;33;14;19
566229.57584348;5487683.88184203;595390;Budeč;6115;Žďár nad Sázavou;192;94;98;27;10;17;128;68;60;37;16;21
588907.746068704;5478587.9634044;595403;Bukov;6101;Bystřice nad Pernštejnem;186;90;96;23;9;14;131;68;63;32;13;19
591011.997793746;5488153.46638657;595411;Bystřice nad Pernštejnem;6101;Bystřice nad Pernštejnem;8302;4110;4192;1141;573;568;5601;2881;2720;1560;656;904
593937.247215044;5480358.1174191;595420;Býšovec;6101;Bystřice nad Pernštejnem;162;85;77;27;13;14;84;47;37;51;25;26
563089.539179842;5475519.7221783;595438;Černá;6114;Velké Meziříčí;304;161;143;56;31;25;192;109;83;56;21;35
597479.222826955;5477873.94155939;595446;Černvír;6217;Tišnov;150;78;72;22;13;9;93;49;44;35;16;19
591456.910883862;5493757.74808018;595454;Dalečín;6101;Bystřice nad Pernštejnem;649;336;313;73;37;36;447;247;200;129;52;77
582888.256717357;5501189.25114371;595462;Daňkovice;6108;Nové Město na Moravě;146;72;74;31;16;15;92;47;45;23;9;14
581190.400423164;5485110.25914125;595471;Dlouhé;6108;Nové Město na Moravě;268;132;136;56;24;32;172;90;82;40;18;22
577022.381039333;5472453.40314567;595489;Dobrá Voda;6114;Velké Meziříčí;367;187;180;67;33;34;243;131;112;57;23;34
576664.191514165;5462169.10358135;595501;Dolní Heřmanice;6114;Velké Meziříčí;506;247;259;75;43;32;359;180;179;72;24;48
585938.150434917;5473781.70730975;595519;Dolní Libochová;6114;Velké Meziříčí;151;74;77;21;9;12;102;54;48;28;11;17
598624.187389752;5468159.79904403;595527;Dolní Loučky;6217;Tišnov;1237;624;613;189;104;85;788;401;387;260;119;141
587491.902391017;5480096.69216735;595535;Dolní Rožínka;6101;Bystřice nad Pernštejnem;605;303;302;74;36;38;395;214;181;136;53;83
597997.240213224;5475774.22460394;595551;Doubravník;6217;Tišnov;824;430;394;120;63;57;536;284;252;168;83;85
592417.924636532;5473954.65971539;595560;Drahonín;6217;Tišnov;120;59;61;24;10;14;82;43;39;14;6;8
574793.324777636;5498887.00299983;595578;Fryšava pod Žákovou horou;6108;Nové Město na Moravě;347;176;171;50;23;27;215;115;100;82;38;44
564842.12245303;5490753.2885657;595586;Hamry nad Sázavou;6115;Žďár nad Sázavou;1542;739;803;259;120;139;1053;522;531;230;97;133
571090.760425826;5503666.79182168;595594;Herálec;6115;Žďár nad Sázavou;1299;663;636;190;104;86;860;462;398;249;97;152
585608.632553925;5470520.45723384;595608;Heřmanov;6114;Velké Meziříčí;205;102;103;27;13;14;129;71;58;49;18;31
575210.686363439;5483627.34299248;595624;Hodíškov;6115;Žďár nad Sázavou;144;67;77;25;12;13;96;48;48;23;7;16
573761.887408366;5475474.96029242;595641;Bory;6114;Velké Meziříčí;784;397;387;115;63;52;546;284;262;123;50;73
583477.248775824;5473558.85853495;595659;Horní Libochová;6114;Velké Meziříčí;195;100;95;24;14;10;134;71;63;37;15;22
596916.361026569;5469787.95761432;595667;Horní Loučky;6217;Tišnov;296;148;148;39;24;15;206;105;101;51;19;32
564892.483710928;5465410.01865025;595675;Horní Radslavice;6114;Velké Meziříčí;87;43;44;6;3;3;62;31;31;19;9;10
586608.246970064;5483860.78822035;595683;Horní Rožínka;6101;Bystřice nad Pernštejnem;79;42;37;7;3;4;55;34;21;17;5;12
595157.400657569;5492656.36500641;595705;Chlum-Korouhvice;6101;Bystřice nad Pernštejnem;43;21;22;8;3;5;28;16;12;7;2;5
561707.00085859;5469212.21885282;595713;Chlumek;6114;Velké Meziříčí;172;88;84;25;13;12;110;59;51;37;16;21
571289.098648097;5507760.99714266;595721;Chlumětín;6115;Žďár nad Sázavou;203;105;98;24;13;11;128;70;58;51;22;29
578890.507770607;5464111.69412639;595730;Jabloňov;6114;Velké Meziříčí;364;193;171;66;42;24;248;130;118;50;21;29
584772.044341175;5500305.11868373;595748;Javorek;6108;Nové Město na Moravě;105;53;52;10;5;5;82;41;41;13;7;6
572281.235032504;5487222.68169129;595756;Jámy;6115;Žďár nad Sázavou;575;293;282;112;60;52;387;200;187;76;33;43
589347.837405967;5498869.56244857;595772;Jimramov;6108;Nové Město na Moravě;1189;584;605;169;87;82;756;387;369;264;110;154
579213.466174463;5473728.39358525;595802;Jívoví;6114;Velké Meziříčí;288;146;142;44;21;23;193;104;89;51;21;30
582990.659109897;5469390.00900867;595811;Kadolec;6114;Velké Meziříčí;164;84;80;22;10;12;113;63;50;29;11;18
577422.574562802;5498695.01839358;595829;Kadov;6108;Nové Město na Moravě;127;72;55;11;7;4;88;49;39;28;16;12
598567.350007464;5470851.89153367;595837;Kaly;6217;Tišnov;265;136;129;36;18;18;172;94;78;57;24;33
565565.198370737;5499848.56509911;595845;Karlov;6115;Žďár nad Sázavou;107;58;49;21;11;10;65;38;27;21;9;12
572156.4981526;5478961.73144648;595853;Kněževes;6115;Žďár nad Sázavou;151;82;69;18;11;7;99;55;44;34;16;18
597328.982128319;5486953.75799542;595861;Koroužné;6101;Bystřice nad Pernštejnem;260;147;113;40;25;15;165;95;70;55;27;28
568499.977187078;5482377.21207645;595870;Kotlasy;6115;Žďár nad Sázavou;111;54;57;9;6;3;78;37;41;24;11;13
578036.578072323;5469991.77666173;595888;Kozlov;6114;Velké Meziříčí;191;101;90;22;13;9;122;66;56;47;22;25
581370.752066069;5503154.14119218;595896;Krásné;6108;Nové Město na Moravě;111;52;59;26;11;15;67;34;33;18;7;11
571149.954289918;5477178.29122012;595900;Krásněves;6115;Žďár nad Sázavou;278;133;145;54;25;29;167;87;80;57;21;36
576902.904993607;5504128.12354745;595918;Křižánky;6108;Nové Město na Moravě;377;193;184;55;28;27;229;124;105;93;41;52
581042.474438558;5470914.56607078;595926;Křižanov;6114;Velké Meziříčí;1872;939;933;295;158;137;1302;665;637;275;116;159
591571.347701667;5464481.99210487;595934;Křižínkov;6217;Tišnov;201;104;97;27;17;10;134;71;63;40;16;24
591433.499642274;5462663.912965;595951;Křoví;6114;Velké Meziříčí;582;289;293;89;44;45;390;201;189;103;44;59
580396.403976647;5496822.24985941;595969;Kuklík;6108;Nové Město na Moravě;190;96;94;38;19;19;106;53;53;46;24;22
582430.462705903;5472258.43752929;595977;Kundratice;6114;Velké Meziříčí;189;93;96;25;15;10;133;66;67;31;12;19
594165.498374918;5466411.00118212;595985;Kuřimská Nová Ves;6217;Tišnov;119;62;57;13;4;9;78;47;31;28;11;17
595745.152929872;5466329.22382442;595993;Kuřimské Jestřabí;6217;Tišnov;155;66;89;30;12;18;86;38;48;39;16;23
563762.429695068;5477438.7210302;596001;Kyjov;6115;Žďár nad Sázavou;46;20;26;6;1;5;27;14;13;13;5;8
570832.431412559;5470260.95638029;596019;Lavičky;6114;Velké Meziříčí;518;271;247;82;46;36;368;196;172;68;29;39
572865.177948731;5492959.36107066;596035;Lhotka;6115;Žďár nad Sázavou;218;116;102;47;28;19;144;78;66;27;10;17
584684.829180016;5492750.60591845;596051;Lísek;6101;Bystřice nad Pernštejnem;369;188;181;62;33;29;254;131;123;53;24;29
582483.894643143;5498733.88546175;596060;Líšná;6108;Nové Město na Moravě;56;26;30;3;3;0;30;14;16;23;9;14
592669.889219857;5467898.02283272;596078;Lubné;6217;Tišnov;45;18;27;5;1;4;24;11;13;16;6;10
557898.29521896;5494499.85940494;596086;Malá Losenice;6115;Žďár nad Sázavou;274;137;137;44;21;23;170;89;81;60;27;33
575708.839300032;5469244.51790102;596094;Martinice;6114;Velké Meziříčí;457;219;238;91;42;49;296;145;151;70;32;38
563361.564076347;5487383.28007878;596108;Matějov;6115;Žďár nad Sázavou;219;103;116;30;14;16;144;70;74;45;19;26
563061.428775359;5471417.88728797;596116;Měřín;6114;Velké Meziříčí;1967;999;968;312;163;149;1299;684;615;356;152;204
583753.806538487;5479650.03522992;596132;Mirošov;6108;Nové Město na Moravě;134;70;64;14;7;7;94;50;44;26;13;13
583100.110292324;5477323.74840379;596141;Moravec;6114;Velké Meziříčí;623;296;327;96;50;46;389;204;185;138;42;96
590169.977421848;5475755.29925777;596159;Moravecké Pavlovice;6101;Bystřice nad Pernštejnem;51;25;26;5;1;4;28;17;11;18;7;11
596276.820066075;5479193.21450374;596175;Nedvědice;6217;Tišnov;1336;646;690;197;91;106;853;431;422;286;124;162
569152.712133897;5473990.53847778;596183;Netín;6114;Velké Meziříčí;343;164;179;61;30;31;223;114;109;59;20;39
591295.601051237;5466855.87849832;596191;Níhov;6217;Tišnov;221;107;114;44;25;19;148;73;75;29;9;20
558302.962444358;5487298.06095198;596205;Nížkov;6115;Žďár nad Sázavou;971;498;473;173;98;75;655;335;320;143;65;78
586305.046983294;5472046.10112349;596213;Nová Ves;6114;Velké Meziříčí;157;78;79;12;5;7;117;62;55;28;11;17
578626.79907024;5487670.87257213;596221;Nová Ves u Nového Města na Moravě;6108;Nové Město na Moravě;636;319;317;122;60;62;426;217;209;88;42;46
577631.320424377;5491558.33154789;596230;Nové Město na Moravě;6108;Nové Město na Moravě;10120;5013;5107;1503;779;724;6689;3398;3291;1928;836;1092
586699.596744105;5460365.05015482;596248;Nové Sady;6114;Velké Meziříčí;211;108;103;32;13;19;150;81;69;29;14;15
565752.577334773;5485419.20113551;596256;Nové Veselí;6115;Žďár nad Sázavou;1307;658;649;203;108;95;866;446;420;238;104;134
584839.945979761;5498693.42714502;596264;Nový Jimramov;6108;Nové Město na Moravě;60;27;33;9;5;4;41;18;23;10;4;6
596675.412509121;5495544.32365947;596272;Nyklovice;6101;Bystřice nad Pernštejnem;166;92;74;35;23;12;104;59;45;27;10;17
573420.610107586;5483482.25526807;596281;Obyčtov;6115;Žďár nad Sázavou;408;202;206;72;31;41;280;147;133;56;24;32
594437.619091423;5474589.79545843;596302;Olší;6217;Tišnov;318;169;149;49;26;23;226;124;102;43;19;24
582360.569264432;5467175.49381038;596329;Ořechov;6114;Velké Meziříčí;316;158;158;43;21;22;219;117;102;54;20;34
572228.09091875;5465391.50154757;596337;Oslavice;6114;Velké Meziříčí;696;352;344;118;54;64;465;250;215;113;48;65
585404.193944296;5465034.58414926;596345;Osová Bítýška;6114;Velké Meziříčí;869;412;457;158;75;83;567;273;294;144;64;80
573895.764713007;5464301.40165531;596353;Osové;6114;Velké Meziříčí;76;40;36;17;8;9;51;29;22;8;3;5
571849.259460214;5481883.71371334;596361;Ostrov nad Oslavou;6115;Žďár nad Sázavou;960;483;477;163;85;78;625;325;300;172;73;99
564999.449045118;5467955.90458889;596370;Otín;6114;Velké Meziříčí;327;168;159;72;35;37;210;117;93;45;16;29
562986.193212657;5466952.09432195;596388;Pavlínov;6114;Velké Meziříčí;253;131;122;44;23;21;169;90;79;40;18;22
565958.105096242;5478053.8086464;596396;Pavlov;6115;Žďár nad Sázavou;324;171;153;50;30;20;215;119;96;59;22;37
596365.335387922;5472909.0450872;596400;Pernštejnské Jestřabí;6217;Tišnov;172;86;86;22;10;12;115;61;54;35;15;20
575727.896735858;5465011.78979666;596418;Petráveč;6114;Velké Meziříčí;222;111;111;40;24;16;149;72;77;33;15;18
589334.159807464;5491838.84931699;596434;Písečné;6101;Bystřice nad Pernštejnem;199;106;93;24;12;12;139;76;63;36;18;18
570511.762141565;5494188.74900729;596442;Počítky;6115;Žďár nad Sázavou;225;112;113;45;19;26;148;79;69;32;14;18
557759.481515622;5484009.17789592;596451;Poděšín;6115;Žďár nad Sázavou;253;132;121;43;24;19;170;90;80;40;18;22
578160.417556926;5481990.92525566;596469;Podolí;6108;Nové Město na Moravě;101;50;51;15;7;8;67;33;34;19;10;9
565613.848363395;5481831.9360969;596477;Pokojov;6115;Žďár nad Sázavou;153;85;68;18;13;5;98;54;44;37;18;19
564886.995239616;5495969.11885981;596485;Polnička;6115;Žďár nad Sázavou;816;398;418;146;62;84;538;280;258;132;56;76
600368.296945508;5486308.12205738;596493;Prosetín;6101;Bystřice nad Pernštejnem;383;198;185;49;29;20;256;135;121;78;34;44
582789.86046315;5483599.02840133;596507;Račice;6108;Nové Město na Moravě;47;23;24;5;3;2;32;15;17;10;5;5
578190.91055218;5475548.86216638;596515;Radenice;6114;Velké Meziříčí;154;73;81;19;8;11;105;51;54;30;14;16
578581.857498228;5479943.19482576;596523;Radešín;6108;Nové Město na Moravě;122;58;64;19;8;11;85;45;40;18;5;13
578842.771391905;5484714.03685562;596531;Radešínská Svratka;6108;Nové Město na Moravě;610;318;292;112;56;56;400;220;180;98;42;56
588177.207477134;5471654.81335531;596540;Radňoves;6114;Velké Meziříčí;104;54;50;11;5;6;70;38;32;23;11;12
574924.885683287;5490846.71540396;596558;Radňovice;6108;Nové Město na Moravě;330;162;168;63;26;37;197;101;96;70;35;35
562212.848734213;5499335.22799146;596566;Radostín;6115;Žďár nad Sázavou;144;69;75;17;8;9;80;40;40;47;21;26
569281.755336154;5479032.72258297;596574;Radostín nad Oslavou;6115;Žďár nad Sázavou;952;487;465;210;108;102;597;315;282;145;64;81
590755.884495961;5469250.08798413;596582;Rojetín;6217;Tišnov;73;37;36;6;3;3;47;25;22;20;9;11
574710.719895231;5479187.53306287;596604;Rousměrov;6114;Velké Meziříčí;122;69;53;15;10;5;83;51;32;24;8;16
598420.013427552;5492852.9870069;596612;Rovečné;6101;Bystřice nad Pernštejnem;632;311;321;93;52;41;393;197;196;146;62;84
588360.354916919;5468584.98183825;596639;Rozseč;6114;Velké Meziříčí;98;48;50;11;6;5;70;34;36;17;8;9
586646.11591652;5486606.29827379;596647;Rozsochy;6101;Bystřice nad Pernštejnem;719;367;352;115;57;58;474;253;221;130;57;73
589844.936850885;5482262.30517484;596655;Rožná;6101;Bystřice nad Pernštejnem;790;413;377;131;70;61;543;291;252;116;52;64
581876.752126393;5463811.66863775;596663;Ruda;6114;Velké Meziříčí;369;205;164;56;32;24;259;145;114;54;28;26
560826.04705254;5481323.43329062;596671;Rudolec;6115;Žďár nad Sázavou;199;94;105;33;13;20;135;69;66;31;12;19
576686.493488941;5484924.56245172;596680;Řečice;6108;Nové Město na Moravě;467;234;233;74;36;38;308;162;146;85;36;49
594697.990350584;5468552.16360194;596698;Řikonín;6217;Tišnov;42;19;23;10;5;5;27;12;15;5;2;3
562288.940373571;5489654.17914842;596701;Sázava;6115;Žďár nad Sázavou;647;318;329;107;56;51;442;218;224;98;44;54
594622.709227558;5477105.69524485;596710;Sejřek;6101;Bystřice nad Pernštejnem;165;78;87;27;14;13;102;48;54;36;16;20
559626.255598199;5483973.15754288;596728;Sirákov;6115;Žďár nad Sázavou;257;132;125;58;32;26;156;81;75;43;19;24
572399.535916008;5496219.92367654;596736;Sklené;6115;Žďár nad Sázavou;108;51;57;16;7;9;82;38;44;10;6;4
576378.176481388;5477418.44257998;596744;Sklené nad Oslavou;6114;Velké Meziříčí;233;106;127;33;13;20;161;80;81;39;13;26
599065.948665819;5480116.58600719;596752;Skorotice;6101;Bystřice nad Pernštejnem;138;67;71;19;12;7;90;47;43;29;8;21
585073.514270545;5467907.24334537;596761;Skřinářov;6114;Velké Meziříčí;150;79;71;25;13;12;94;51;43;31;15;16
578422.979623389;5501087.18058033;596787;Sněžné;6108;Nové Město na Moravě;703;354;349;94;43;51;467;246;221;142;65;77
583630.015195099;5503017.14524347;596795;Spělkov;6108;Nové Město na Moravě;41;22;19;5;3;2;26;15;11;10;4;6
588213.838180272;5496305.16657993;596809;Strachujov;6101;Bystřice nad Pernštejnem;139;72;67;21;12;9;89;50;39;29;10;19
567768.612313795;5470192.59007372;596817;Stránecká Zhoř;6114;Velké Meziříčí;593;302;291;97;55;42;403;209;194;93;38;55
587472.910178404;5475462.59180974;596825;Strážek;6101;Bystřice nad Pernštejnem;835;385;450;97;41;56;513;256;257;225;88;137
594771.103108865;5495370.59461509;596833;Sulkovec;6101;Bystřice nad Pernštejnem;180;87;93;19;10;9;121;61;60;40;16;24
569678.22758702;5496958.61098179;596841;Světnov;6115;Žďár nad Sázavou;462;231;231;86;40;46;299;158;141;77;33;44
579495.128464976;5468195.73511855;596850;Sviny;6114;Velké Meziříčí;103;50;53;10;3;7;74;40;34;19;7;12
574578.332571716;5506376.0622284;596868;Svratka;6115;Žďár nad Sázavou;1430;716;714;173;94;79;908;479;429;349;143;206
567150.026281797;5498398.81987498;596876;Škrdlovice;6115;Žďár nad Sázavou;651;307;344;87;48;39;422;200;222;142;59;83
596664.444756434;5484432.01031198;596884;Štěpánov nad Svratkou;6101;Bystřice nad Pernštejnem;704;353;351;109;58;51;454;241;213;141;54;87
593975.339462437;5470888.37314259;596892;Tišnovská Nová Ves;6217;Tišnov;91;43;48;21;7;14;52;27;25;18;9;9
567582.484454537;5466899.30311214;596906;Uhřínov;6114;Velké Meziříčí;311;167;144;62;38;24;213;112;101;36;17;19
596407.114628375;5481911.88332526;596914;Ujčov;6101;Bystřice nad Pernštejnem;470;228;242;75;35;40;316;158;158;79;35;44
563489.111943481;5484016.45406457;596922;Újezd;6115;Žďár nad Sázavou;256;138;118;38;19;19;175;99;76;43;20;23
589711.0757177;5496113.67111831;596931;Unčín;6101;Bystřice nad Pernštejnem;188;94;94;20;6;14;136;77;59;32;11;21
569927.048425043;5486313.68787403;596949;Vatín;6115;Žďár nad Sázavou;330;165;165;48;24;24;215;109;106;67;32;35
584481.606005999;5496128.97733452;596957;Věcov;6108;Nové Město na Moravě;706;373;333;121;60;61;465;252;213;120;61;59
592736.363937521;5483295.70514671;596965;Věchnov;6101;Bystřice nad Pernštejnem;328;167;161;48;25;23;222;114;108;58;28;30
588211.234316153;5459447.78346989;596973;Velká Bíteš;6114;Velké Meziříčí;5124;2570;2554;825;446;379;3477;1765;1712;822;359;463
560172.293915244;5492040.93033845;596981;Velká Losenice;6115;Žďár nad Sázavou;1247;628;619;277;144;133;822;420;402;148;64;84
587762.895030452;5493680.4649238;596990;Velké Janovice;6101;Bystřice nad Pernštejnem;121;66;55;19;9;10;79;45;34;23;12;11
573041.65889465;5469032.35808841;597007;Velké Meziříčí;6114;Velké Meziříčí;11645;5694;5951;1782;945;837;7867;3963;3904;1996;786;1210
559809.815726264;5496247.97939586;597015;Vepřová;6115;Žďár nad Sázavou;412;233;179;61;42;19;280;157;123;71;34;37
597687.086133381;5490278.42891484;597031;Věstín;6101;Bystřice nad Pernštejnem;164;85;79;21;4;17;115;70;45;28;11;17
592027.285052421;5479519.20113476;597040;Věžná;6101;Bystřice nad Pernštejnem;230;119;111;48;24;24;125;69;56;57;26;31
574744.34267181;5471747.99507964;597058;Vídeň;6114;Velké Meziříčí;434;230;204;86;47;39;275;149;126;73;34;39
588689.924443877;5470258.069253;597066;Vidonín;6114;Velké Meziříčí;165;81;84;30;15;15;107;54;53;28;12;16
595609.546241735;5490355.850149;597074;Vír;6101;Bystřice nad Pernštejnem;702;331;371;92;43;49;450;218;232;160;70;90
587573.303036183;5463615.06667708;597082;Vlkov;6114;Velké Meziříčí;263;133;130;48;24;24;172;93;79;43;16;27
564629.621085175;5502683.02525739;597091;Vojnův Městec;6115;Žďár nad Sázavou;768;401;367;128;72;56;483;256;227;157;73;84
590228.882861995;5471457.03292265;597104;Vratislávka;6217;Tišnov;94;48;46;14;7;7;62;32;30;18;9;9
584436.69802396;5463225.10361192;597112;Záblatí;6114;Velké Meziříčí;199;105;94;38;21;17;122;65;57;39;19;20
567526.16978255;5475698.52449155;597121;Zadní Zhořec;6114;Velké Meziříčí;148;73;75;33;17;16;89;45;44;26;11;15
566788.312004368;5480278.26768871;597139;Znětínek;6115;Žďár nad Sázavou;203;104;99;34;16;18;142;77;65;27;11;16
581551.415589458;5492081.56579771;597147;Zubří;6108;Nové Město na Moravě;470;228;242;97;46;51;306;150;156;67;32;35
584276.692761252;5483966.17020432;597155;Zvole;6101;Bystřice nad Pernštejnem;658;336;322;128;68;60;431;219;212;99;49;50
591177.02374969;5489066.92077353;597163;Ždánice;6101;Bystřice nad Pernštejnem;207;93;114;34;14;20;150;74;76;23;5;18
592068.13546555;5470902.36605883;597171;Žďárec;6217;Tišnov;371;204;167;66;45;21;246;131;115;59;28;31
677249.113738466;5539132.15075459;597180;Bruntál;8103;Bruntál;16654;7985;8669;2595;1337;1258;11321;5509;5812;2738;1139;1599
684197.2074632;5527109.41195772;597198;Bílčice;8103;Bruntál;232;119;113;26;12;14;155;85;70;51;22;29
692356.399026628;5568686.01792122;597201;Bohušov;8114;Krnov;390;201;189;62;37;25;250;134;116;78;30;48
687129.179700071;5549812.16472614;597210;Brantice;8114;Krnov;1367;698;669;223;115;108;931;474;457;213;109;104
669841.153683529;5531091.24470831;597228;Břidličná;8120;Rýmařov;3322;1677;1645;452;234;218;2215;1169;1046;655;274;381
673128.322320321;5522891.93672714;597252;Dětřichov nad Bystřicí;8103;Bruntál;438;224;214;63;30;33;294;163;131;81;31;50
664942.694706085;5539428.90497112;597287;Dolní Moravice;8120;Rýmařov;388;200;188;51;25;26;256;138;118;81;37;44
681867.842632941;5521721.79423737;597317;Dvorce;8103;Bruntál;1340;659;681;207;104;103;886;447;439;247;108;139
668861.778378544;5561497.69232282;597325;Heřmanovice;8114;Krnov;348;176;172;41;22;19;247;127;120;60;27;33
675616.648973416;5558930.01475473;597341;Holčovice;8114;Krnov;715;387;328;88;45;43;489;278;211;138;64;74
686282.06771635;5538099.02878279;597350;Horní Benešov;8103;Bruntál;2266;1145;1121;320;163;157;1526;795;731;420;187;233
658903.374058814;5530822.50076868;597368;Horní Město;8120;Rýmařov;887;444;443;128;67;61;597;314;283;162;63;99
682517.706580457;5555104.39882902;597392;Hošťálkovy;8114;Krnov;584;297;287;64;28;36;416;220;196;104;49;55
667139.26495447;5522505.08410102;597414;Huzová;7110;Šternberk;579;292;287;78;38;40;426;221;205;75;33;42
676037.829960094;5568530.95680276;597431;Janov;8114;Krnov;298;150;148;30;17;13;201;104;97;67;29;38
679572.448052987;5569006.02130764;597449;Jindřichov;8114;Krnov;1289;651;638;163;90;73;892;465;427;234;96;138
662441.763169925;5525064.19125466;597457;Jiříkov;8120;Rýmařov;258;149;109;40;26;14;174;104;70;44;19;25
665150.609356882;5549808.28065787;597473;Karlova Studánka;8103;Bruntál;205;107;98;28;13;15;140;77;63;37;17;20
674557.673052798;5554881.66169031;597481;Karlovice;8103;Bruntál;1014;519;495;139;79;60;700;363;337;175;77;98
680586.51983464;5551985.72825048;597511;Krasov;8114;Krnov;338;192;146;47;33;14;221;128;93;70;31;39
691726.687129703;5552110.71210192;597520;Krnov;8114;Krnov;23992;11535;12457;3463;1766;1697;15720;7845;7875;4809;1924;2885
680194.043855832;5525725.01380636;597538;Křišťanovice;8103;Bruntál;271;139;132;38;18;20;188;100;88;45;21;24
685355.920320633;5531787.98691171;597546;Leskovec nad Moravicí;8103;Bruntál;430;222;208;48;23;25;299;170;129;83;29;54
687934.689324197;5543732.70356891;597554;Lichnov;8114;Krnov;1052;534;518;158;87;71;751;397;354;143;50;93
686279.675577209;5566181.12135691;597571;Liptaň;8114;Krnov;461;237;224;58;32;26;307;165;142;96;40;56
674460.681986462;5529044.75624369;597589;Lomnice;8103;Bruntál;506;249;257;74;33;41;341;173;168;91;43;48
662304.478045414;5546100.33161502;597601;Malá Morávka;8120;Rýmařov;677;347;330;83;48;35;463;234;229;131;65;66
681234.755913723;5560771.47229777;597635;Město Albrechtice;8114;Krnov;3512;1734;1778;493;261;232;2341;1189;1152;678;284;394
676063.224658228;5520196.31051231;597678;Moravský Beroun;7110;Šternberk;3048;1533;1515;475;245;230;2111;1089;1022;462;199;263
679594.093211863;5516121.11464568;597686;Norberčany;7110;Šternberk;279;158;121;25;12;13;197;121;76;57;25;32
692968.597793661;5573116.30824657;597716;Osoblaha;8114;Krnov;1129;569;560;199;103;96;736;391;345;194;75;119
682573.86852771;5535161.70878714;597724;Razová;8103;Bruntál;518;266;252;88;49;39;349;181;168;81;36;45
679425.739325588;5529597.51097644;597741;Roudno;8103;Bruntál;205;109;96;16;10;6;141;78;63;48;21;27
694793.091799892;5566078.40096464;597775;Rusín;8114;Krnov;144;71;73;16;6;10;92;50;42;36;15;21
663993.086245519;5532731.69252755;597783;Rýmařov;8120;Rýmařov;8369;4119;4250;1165;620;545;5548;2797;2751;1656;702;954
669636.36837087;5527178.92932445;597791;Ryžoviště;8120;Rýmařov;595;299;296;85;39;46;378;195;183;132;65;67
690063.421300755;5564205.93927544;597813;Slezské Rudoltice;8114;Krnov;537;301;236;83;47;36;377;224;153;77;30;47
690568.493185619;5541596.81552987;597821;Sosnová;8117;Opava;409;199;210;60;29;31;291;149;142;58;21;37
670135.356830182;5547618.28105064;597872;Světlá Hora;8103;Bruntál;1458;723;735;193;87;106;1030;545;485;235;91;144
691691.344076204;5535897.49996376;597881;Svobodné Heřmanice;8103;Bruntál;519;250;269;82;39;43;361;177;184;76;34;42
677449.791857665;5547737.41135388;597899;Široká Niva;8103;Bruntál;557;291;266;75;38;37;383;203;180;99;50;49
682620.706317645;5564386.12771888;597911;Třemešná;8114;Krnov;891;475;416;117;61;56;613;335;278;161;79;82
695418.605005058;5547539.81391997;597937;Úvalno;8114;Krnov;957;487;470;127;71;56;674;351;323;156;65;91
669701.113940637;5538317.320063;597945;Václavov u Bruntálu;8103;Bruntál;449;246;203;74;37;37;315;181;134;60;28;32
666893.57811086;5555130.19594491;597961;Vrbno pod Pradědem;8103;Bruntál;5273;2604;2669;680;351;329;3460;1755;1705;1133;498;635
684621.632015095;5569929.49958536;597970;Vysoká;8114;Krnov;311;162;149;48;25;23;194;111;83;69;26;43
685138.366137511;5545995.0861847;597988;Zátor;8114;Krnov;1217;605;612;190;96;94;854;432;422;173;77;96
667586.179201219;5567212.59015279;597996;Zlaté Hory;7102;Jeseník;3944;1966;1978;497;257;240;2667;1374;1293;780;335;445
741434.912510183;5507558.82931687;598003;Frýdek-Místek;8106;Frýdek-Místek;56879;27849;29030;8360;4239;4121;38506;19564;18942;10013;4046;5967
742789.083087208;5503783.84452986;598011;Baška;8106;Frýdek-Místek;3770;1887;1883;573;319;254;2523;1284;1239;674;284;390
749845.703326688;5481202.89694879;598020;Bílá;8107;Frýdlant nad Ostravicí;310;160;150;33;18;15;215;116;99;62;26;36
732744.959348756;5510608.69502748;598038;Brušperk;8106;Frýdek-Místek;4005;1937;2068;637;316;321;2599;1283;1316;769;338;431
745361.038433147;5513054.86106293;598046;Bruzovice;8106;Frýdek-Místek;822;414;408;123;69;54;565;292;273;134;53;81
770032.003477346;5504742.74596445;598062;Bystřice;8121;Třinec;5266;2564;2702;835;423;412;3477;1761;1716;954;380;574
741672.455946949;5488221.61167176;598071;Čeladná;8107;Frýdlant nad Ostravicí;2634;1306;1328;403;217;186;1713;866;847;518;223;295
746131.480384699;5508689.73799689;598089;Dobrá;8106;Frýdek-Místek;3163;1583;1580;477;253;224;2064;1058;1006;622;272;350
751741.20890252;5512623.86992785;598101;Dolní Domaslavice;8106;Frýdek-Místek;1308;647;661;202;101;101;896;456;440;210;90;120
732658.223098159;5506785.62832109;598135;Fryčovice;8106;Frýdek-Místek;2398;1175;1223;355;169;186;1608;811;797;435;195;240
743545.716278528;5498068.8752686;598143;Frýdlant nad Ostravicí;8107;Frýdlant nad Ostravicí;9910;4745;5165;1479;729;750;6444;3208;3236;1987;808;1179
755536.885666651;5509347.60316235;598160;Hnojník;8121;Třinec;1483;727;756;215;116;99;963;492;471;305;119;186
747286.690895529;5516320.03188524;598178;Horní Bludovice;8108;Havířov;2313;1141;1172;354;183;171;1642;825;817;317;133;184
777394.391919346;5492801.71132346;598232;Hrčava;8110;Jablunkov;266;135;131;37;19;18;183;101;82;46;15;31
486616.98994406;5584851.68790898;598241;Pětikozly;2115;Mladá Boleslav;68;32;36;10;6;4;46;23;23;12;3;9
772335.163842503;5497843.15844296;598259;Jablunkov;8110;Jablunkov;5664;2744;2920;881;429;452;3856;1990;1866;927;325;602
471435.741813363;5535481.55449427;598267;Modletice;2122;Říčany;581;314;267;93;48;45;446;245;201;42;21;21
744268.454532075;5515986.11364895;598275;Kaňovice;8106;Frýdek-Místek;309;151;158;52;24;28;217;110;107;40;17;23
461117.816991868;5559304.57821654;598283;Sedlec;2103;Brandýs nad Labem-Stará Boleslav;334;170;164;66;35;31;229;116;113;39;19;20
466456.303557506;5564384.97162667;598291;Čakovičky;2117;Neratovice;573;287;286;136;75;61;395;192;203;42;20;22
474864.409696584;5554957.92671895;598305;Svémyslice;2103;Brandýs nad Labem-Stará Boleslav;435;225;210;121;58;63;286;150;136;28;17;11
454390.487823046;5529316.07220234;598313;Trnová;2105;Černošice;378;189;189;64;33;31;269;132;137;45;24;21
736000.37881236;5497820.3033715;598321;Kozlovice;8106;Frýdek-Místek;2991;1482;1509;508;260;248;1966;1001;965;517;221;296
429812.586642563;5491983.95563682;598330;Tušovice;2120;Příbram;104;49;55;14;8;6;76;36;40;14;5;9
733397.491821184;5513528.263538;598348;Krmelín;8106;Frýdek-Místek;2289;1120;1169;367;183;184;1530;770;760;392;167;225
737069.486818756;5493203.60269715;598356;Kunčice pod Ondřejníkem;8107;Frýdlant nad Ostravicí;2299;1145;1154;378;199;179;1516;762;754;405;184;221
738606.535773693;5498794.53539659;598364;Lhotka;8106;Frýdek-Místek;544;278;266;90;50;40;373;192;181;81;36;45
428994.105056114;5496223.80515206;598372;Ostrov;2120;Příbram;118;57;61;23;11;12;76;39;37;19;7;12
433901.012746737;5505327.69834017;598381;Dubenec;2120;Příbram;368;209;159;48;15;33;270;175;95;50;19;31
748914.684951776;5512602.63347883;598399;Lučina;8106;Frýdek-Místek;1319;676;643;192;102;90;897;465;432;230;109;121
431150.269234848;5502199.92486098;598402;Háje;2120;Příbram;434;218;216;80;38;42;299;154;145;55;26;29
426839.14431858;5507633.05615088;598411;Lhota u Příbramě;2120;Příbram;487;233;254;72;33;39;325;157;168;90;43;47
429275.897287986;5507572.7687099;598429;Trhové Dušníky;2120;Příbram;460;239;221;76;39;37;315;164;151;69;36;33
418827.43579577;5490984.36432782;598437;Vševily;2120;Příbram;132;63;69;10;5;5;96;48;48;26;10;16
757297.027506469;5496301.08687736;598445;Morávka;8106;Frýdek-Místek;1155;591;564;199;117;82;757;391;366;199;83;116
771194.216091767;5492234.80445819;598453;Mosty u Jablunkova;8110;Jablunkov;3838;1927;1911;574;300;274;2638;1369;1269;626;258;368
457239.607972237;5504332.61721081;598461;Kňovice;2123;Sedlčany;336;179;157;59;37;22;228;123;105;49;19;30
459975.678489365;5505642.19080945;598470;Osečany;2123;Sedlčany;255;131;124;37;23;14;173;89;84;45;19;26
457428.761473004;5507888.31765023;598488;Radíč;2123;Sedlčany;212;104;108;28;13;15;147;78;69;37;13;24
400723.716294693;5541015.96111827;598496;Šípy;2121;Rakovník;160;89;71;18;12;6;115;66;49;27;11;16
387659.11197127;5549886.1032174;598500;Krty;2121;Rakovník;109;54;55;12;6;6;72;38;34;25;10;15
390157.168510092;5546512.00376071;598518;Žďár;2121;Rakovník;103;52;51;23;13;10;60;30;30;20;9;11
420287.43614379;5537669.32779345;598526;Roztoky;2121;Rakovník;1059;574;485;123;72;51;753;416;337;183;86;97
745760.307701124;5492597.34128687;598542;Ostravice;8107;Frýdlant nad Ostravicí;2425;1251;1174;347;185;162;1572;847;725;506;219;287
737500.484525715;5502577.02101381;598551;Palkovice;8106;Frýdek-Místek;3213;1620;1593;466;233;233;2215;1143;1072;532;244;288
736593.632750413;5513565.85146585;598569;Paskov;8106;Frýdek-Místek;3943;1953;1990;588;307;281;2733;1385;1348;622;261;361
417083.36074204;5563460.89501497;598577;Přerubenice;2121;Rakovník;71;29;42;13;3;10;41;19;22;17;7;10
415338.374470247;5541443.81404449;598585;Nezabudice;2121;Rakovník;76;36;40;9;5;4;41;23;18;26;8;18
463664.124757591;5417548.45287561;598593;Heřmaň;3102;České Budějovice;192;100;92;29;17;12;131;66;65;32;17;15
468010.524243719;5425616.04785316;598607;Hlincová Hora;3102;České Budějovice;415;213;202;87;53;34;293;145;148;35;15;20
465278.556692948;5447458.3909049;598615;Modrá Hůrka;3115;Týn nad Vltavou;91;49;42;19;12;7;55;30;25;17;7;10
456028.51724545;5409160.06481091;598623;Mojné;3103;Český Krumlov;238;118;120;46;21;25;158;83;75;34;14;20
508741.199268672;5451399.60357012;598631;Kamenný Malíkov;3105;Jindřichův Hradec;69;29;40;11;3;8;39;18;21;19;8;11
503364.292929392;5458079.48240813;598640;Vlčetínec;3105;Jindřichův Hradec;50;27;23;3;1;2;33;18;15;14;8;6
517946.938232518;5445495.71416688;598658;Horní Meziříčko;3104;Dačice;107;54;53;19;12;7;68;33;35;20;9;11
504574.128789723;5474689.73781491;598666;Zlátenka;6109;Pacov;47;20;27;7;3;4;36;15;21;4;2;2
742275.728769047;5513040.60903993;598674;Sedliště;8106;Frýdek-Místek;1553;790;763;293;153;140;1049;543;506;211;94;117
732725.649794113;5502598.3033744;598691;Hukvaldy;8106;Frýdek-Místek;2016;1001;1015;312;159;153;1302;676;626;402;166;236
508151.892934512;5476521.65075818;598704;Čížkov;6110;Pelhřimov;141;69;72;22;9;13;92;47;45;27;13;14
518527.475110078;5480340.44654863;598712;Kojčice;6110;Pelhřimov;337;169;168;76;41;35;214;106;108;47;22;25
514173.631858496;5469120.05073744;598721;Libkova Voda;6110;Pelhřimov;240;117;123;32;14;18;170;89;81;38;14;24
729883.722397214;5512904.6222158;598739;Stará Ves nad Ondřejnicí;8119;Ostrava;2777;1377;1400;421;227;194;1845;934;911;511;216;295
749756.309189217;5487495.86679529;598747;Staré Hamry;8107;Frýdlant nad Ostravicí;547;289;258;72;43;29;365;201;164;110;45;65
519398.888143365;5473462.41998284;598755;Putimov;6110;Pelhřimov;271;142;129;38;24;14;193;102;91;40;16;24
517209.541690124;5482886.18047014;598763;Svépravice;6110;Pelhřimov;114;63;51;14;7;7;82;48;34;18;8;10
512226.797306012;5491925.35997381;598771;Syrov;6103;Humpolec;50;29;21;9;5;4;30;19;11;11;5;6
456162.057075956;5465284.84708563;598780;Borovany;3107;Milevsko;209;106;103;29;12;17;144;78;66;36;16;20
743557.683369442;5520261.06456232;598798;Šenov;8119;Ostrava;6314;3104;3210;976;492;484;4174;2113;2061;1164;499;665
448011.720577791;5474123.04360061;598801;Květov;3107;Milevsko;117;61;56;21;13;8;76;38;38;20;10;10
763078.765026962;5506367.62299077;598810;Třinec;8121;Třinec;35760;17521;18239;5118;2643;2475;23845;12189;11656;6797;2689;4108
449909.521212648;5476997.07940107;598828;Osek;3107;Milevsko;145;82;63;23;14;9;104;62;42;18;6;12
742951.978315969;5516807.11333411;598836;Václavovice;8119;Ostrava;1965;984;981;333;173;160;1307;663;644;325;148;177
443292.729092864;5468933.97415516;598844;Vlastec;3108;Písek;216;107;109;40;24;16;147;72;75;29;11;18
459372.895905135;5482140.88507013;598852;Vlksice;3107;Milevsko;153;73;80;23;10;13;90;42;48;40;21;19
445721.813915168;5452887.69442995;598861;Žďár;3108;Písek;249;127;122;37;16;21;155;86;69;57;25;32
739729.17143445;5517556.8230279;598879;Vratimov;8119;Ostrava;7193;3482;3711;1114;554;560;4793;2371;2422;1286;557;729
432072.826287879;5447414.31332306;598887;Pivkovice;3117;Vodňany;74;40;34;7;4;3;50;29;21;17;7;10
419432.730812992;5478249.59037684;598895;Bezdědovice;3101;Blatná;343;190;153;51;33;18;223;124;99;69;33;36
426374.846184416;5447765.88185508;598909;Skály;3111;Strakonice;71;33;38;10;5;5;46;24;22;15;4;11
753930.39730261;5526987.59546503;598917;Karviná;8111;Karviná;55163;27161;28002;7400;3858;3542;36799;19083;17716;10964;4220;6744
754079.875733857;5520653.69107405;598925;Albrechtice;8108;Havířov;3948;1985;1963;586;317;269;2746;1399;1347;616;269;347
758058.223850018;5515467.09759794;598933;Český Těšín;8104;Český Těšín;24787;11999;12788;3774;1870;1904;16941;8465;8476;4072;1664;2408
749027.475009981;5532082.30969047;598941;Dětmarovice;8111;Karviná;4184;2065;2119;567;288;279;2912;1470;1442;705;307;398
415739.192882204;5471788.40469476;598950;Lažánky;3101;Blatná;101;45;56;19;7;12;67;32;35;15;6;9
745397.339686515;5534521.07766434;598968;Dolní Lutyně;8102;Bohumín;5190;2573;2617;711;375;336;3604;1823;1781;875;375;500
463141.188577297;5453978.54406707;598976;Čenkov u Bechyně;3115;Týn nad Vltavou;54;23;31;8;5;3;39;15;24;7;3;4
467516.605728932;5455669.88690282;598992;Hodětín;3112;Tábor;91;41;50;9;5;4;54;26;28;28;10;18
465034.588858136;5454124.18473655;599000;Záhoří;3112;Tábor;60;32;28;4;2;2;41;22;19;15;8;7
482407.281507028;5492074.97326386;599026;Slapsko;3112;Tábor;156;72;84;28;11;17;96;45;51;32;16;16
483327.122095066;5487436.46177012;599034;Zhoř u Mladé Vožice;3112;Tábor;101;46;55;20;8;12;69;36;33;12;2;10
472247.714744283;5471335.32189563;599042;Slapy;3112;Tábor;453;214;239;72;27;45;297;147;150;84;40;44
740714.968340414;5533447.20296513;599051;Bohumín;8102;Bohumín;21249;10471;10778;3070;1602;1468;14334;7359;6975;3845;1510;2335
746461.467590652;5527849.89478066;599069;Orlová;8118;Orlová;29524;14427;15097;4126;2085;2041;20811;10528;10283;4587;1814;2773
754179.641713877;5533153.89761533;599077;Petrovice u Karviné;8111;Karviná;5333;2882;2451;696;355;341;3782;2150;1632;855;377;478
743755.921528023;5524950.89326647;599085;Petřvald;8118;Orlová;7126;3485;3641;1134;561;573;4788;2407;2381;1204;517;687
742577.56518015;5528831.61155763;599107;Rychvald;8102;Bohumín;7280;3584;3696;1103;567;536;4833;2435;2398;1344;582;762
480469.921617513;5451447.8833688;599115;Řípec;3110;Soběslav;321;156;165;56;29;27;210;103;107;55;24;31
476968.678955548;5465055.59766968;599123;Ústrašice;3112;Tábor;360;179;181;78;38;40;233;115;118;49;26;23
357500.188442317;5469333.1833162;599131;Nová Ves;3202;Domažlice;134;68;66;14;5;9;87;46;41;33;17;16
753909.248514685;5523742.30013113;599140;Stonava;8111;Karviná;1889;964;925;279;143;136;1290;682;608;320;139;181
752672.684017448;5516548.15530754;599158;Těrlicko;8108;Havířov;4372;2147;2225;594;304;290;2953;1479;1474;825;364;461
360202.786182138;5476057.01626232;599166;Němčice;3202;Domažlice;132;71;61;21;13;8;90;46;44;21;12;9
360899.511843748;5485815.5142423;599174;Močerady;3204;Horšovský Týn;62;31;31;7;2;5;42;25;17;13;4;9
343516.107324019;5482051.68154721;599182;Pařezov;3202;Domažlice;175;90;85;34;15;19;115;60;55;26;15;11
717785.856387537;5496019.34699709;599191;Nový Jičín;8115;Nový Jičín;23571;11328;12243;3674;1892;1782;15599;7707;7892;4298;1729;2569
453144.953487313;5514818.39558302;599204;Korkyně;2107;Dobříš;134;60;74;32;14;18;78;34;44;24;12;12
719555.927552079;5505746.47307312;599212;Bartošovice;8115;Nový Jičín;1693;861;832;277;142;135;1148;596;552;268;123;145
471430.543958195;5533450.66147509;599221;Popovičky;2122;Říčany;342;169;173;87;43;44;222;111;111;33;15;18
515725.160010495;5471505.40835724;599239;Vokov;6110;Pelhřimov;170;86;84;33;18;15;121;62;59;16;6;10
715147.586209362;5517447.73400534;599247;Bílovec;8101;Bílovec;7436;3649;3787;1139;577;562;5006;2548;2458;1291;524;767
485213.194940734;5456515.2911796;599255;Mezná;3110;Soběslav;89;43;46;12;5;7;58;33;25;19;5;14
481854.701398997;5459199.92677657;599263;Sedlečko u Soběslavě;3110;Soběslav;141;75;66;26;15;11;95;50;45;20;10;10
481898.3861015;5448857.42727241;599271;Zlukov;3110;Soběslav;265;133;132;43;23;20;180;93;87;42;17;25
470539.607534353;5456075.32580606;599280;Komárov;3110;Soběslav;118;63;55;13;7;6;79;43;36;26;13;13
424691.54018;5485938.63594645;599298;Drahenice;2120;Příbram;166;84;82;17;11;6;112;57;55;37;16;21
486699.466906409;5550103.99458996;599301;Černíky;2106;Český Brod;135;58;77;33;14;19;75;34;41;27;10;17
732528.451433994;5492108.71124808;599344;Frenštát pod Radhoštěm;8105;Frenštát pod Radhoštěm;10854;5254;5600;1540;815;725;7264;3637;3627;2050;802;1248
708801.634368219;5512194.33975013;599352;Fulnek;8116;Odry;5757;2823;2934;898;434;464;3823;1962;1861;1036;427;609
504635.261146321;5500147.31853604;599361;Strojetice;2125;Vlašim;127;66;61;17;9;8;82;44;38;28;13;15
463789.275182407;5511461.39533454;599379;Stranný;2101;Benešov;114;63;51;24;12;12;70;42;28;20;9;11
503693.649718778;5508354.94468377;599387;Soutice;2125;Vlašim;257;123;134;32;13;19;159;80;79;66;30;36
489411.035260757;5501564.87905292;599395;Ostrov;2125;Vlašim;49;29;20;7;5;2;34;19;15;8;5;3
719142.67794223;5491310.11502186;599409;Hodslavice;8115;Nový Jičín;1720;838;882;253;126;127;1172;583;589;295;129;166
434883.816753489;5540128.19958566;599417;Železná;2102;Beroun;282;142;140;49;33;16;197;92;105;36;17;19
440738.730342575;5562141.4432676;599425;Želenice;2124;Slaný;188;94;94;32;13;19;130;69;61;26;12;14
438241.165577386;5545920.81677239;599433;Svárov;2109;Kladno;578;278;300;132;67;65;401;191;210;45;20;25
432105.406923124;5571342.20719232;599441;Stradonice;2124;Slaný;118;54;64;24;6;18;80;41;39;14;7;7
518279.508275556;5535578.9623502;599450;Grunta;2110;Kolín;97;50;47;13;6;7;59;31;28;25;13;12
709204.169107235;5498076.27445868;599468;Jeseník nad Odrou;8115;Nový Jičín;1935;956;979;291;145;146;1321;670;651;323;141;182
500916.147173521;5528711.5373908;599476;Církvice;2110;Kolín;155;85;70;13;6;7;107;64;43;35;15;20
504450.650019802;5539312.90830405;599484;Krychnov;2110;Kolín;104;47;57;11;6;5;71;33;38;22;8;14
458793.370878039;5570077.66986108;599492;Újezdec;2111;Kralupy nad Vltavou;136;65;71;25;15;10;88;42;46;23;8;15
725889.0698743;5515382.91935739;599506;Jistebník;8101;Bílovec;1528;757;771;213;117;96;1041;527;514;274;113;161
481267.669525003;5592819.94657971;599514;Březovice;2115;Mladá Boleslav;348;174;174;64;29;35;243;128;115;41;17;24
500020.826789041;5587236.78068221;599522;Husí Lhota;2115;Mladá Boleslav;167;77;90;36;13;23;111;56;55;20;8;12
478751.7788006;5572306.67781815;599531;Horní Slivno;2115;Mladá Boleslav;267;135;132;47;22;25;185;101;84;35;12;23
724824.895933753;5519811.94984981;599549;Klimkovice;8119;Ostrava;4399;2170;2229;697;361;336;2922;1478;1444;780;331;449
500888.542581961;5602587.09715309;599557;Koryta;2116;Mnichovo Hradiště;90;45;45;15;6;9;62;33;29;13;6;7
728833.767881013;5499239.63867044;599565;Kopřivnice;8112;Kopřivnice;22273;10994;11279;3279;1697;1582;15312;7766;7546;3682;1531;2151
500153.341261029;5604217.37631003;599573;Sezemice;2116;Mnichovo Hradiště;108;48;60;16;8;8;62;27;35;30;13;17
489041.749835985;5566866.52974917;599581;Jiřice;2113;Lysá nad Labem;233;130;103;38;24;14;152;87;65;43;19;24
517127.055793196;5560599.65132525;599590;Podmoky;2119;Poděbrady;201;99;102;34;21;13;137;66;71;30;12;18
729066.720116185;5494965.78002898;599603;Lichnov;8105;Frenštát pod Radhoštěm;1552;798;754;254;146;108;1047;544;503;251;108;143
516406.511803375;5558357.07609451;599611;Vrbice;2119;Poděbrady;168;86;82;20;11;9;98;51;47;50;24;26
506814.752222625;5562916.19860066;599620;Chleby;2118;Nymburk;420;215;205;59;25;34;300;164;136;61;26;35
507233.836959741;5566645.58213319;599638;Hrubý Jeseník;2118;Nymburk;584;298;286;79;44;35;432;218;214;73;36;37
695535.889340579;5506593.94279519;599646;Luboměř;8116;Odry;373;187;186;51;22;29;270;147;123;52;18;34
508039.582442138;5564481.34759684;599654;Nový Dvůr;2118;Nymburk;75;41;34;11;6;5;48;27;21;16;8;8
510438.664032082;5550713.81093384;599662;Oseček;2119;Poděbrady;154;81;73;24;14;10;98;52;46;32;15;17
498413.763542429;5562828.57259559;599671;Čilec;2118;Nymburk;234;125;109;43;28;15;139;74;65;52;23;29
722159.646421375;5491056.60363864;599689;Mořkov;8115;Nový Jičín;2523;1236;1287;413;209;204;1655;840;815;455;187;268
495752.880374258;5563455.32269036;599697;Zbožíčko;2118;Nymburk;228;111;117;34;13;21;144;78;66;50;20;30
702825.016591981;5507118.25181874;599701;Odry;8116;Odry;7308;3603;3705;1154;584;570;4836;2495;2341;1318;524;794
480124.668815626;5537041.48237305;599719;Tehovec;2122;Říčany;551;255;296;115;53;62;349;162;187;87;40;47
447216.838160052;5532334.95958812;599727;Karlík;2105;Černošice;547;308;239;83;48;35;383;226;157;81;34;47
457555.31757625;5528788.83380311;599735;Březová-Oleško;2105;Černošice;1009;507;502;186;96;90;661;339;322;162;72;90
727031.272297976;5511121.53826178;599743;Petřvald;8112;Kopřivnice;1804;870;934;291;145;146;1170;585;585;343;140;203
424559.496873676;5496234.93964494;599751;Modřovice;2120;Příbram;81;44;37;17;13;4;52;26;26;12;5;7
422661.186315212;5540218.32613194;599760;Račice;2121;Rakovník;160;91;69;26;16;10;101;58;43;33;17;16
454354.145666547;5420623.88419888;599778;Závraty;3102;České Budějovice;39;19;20;9;3;6;24;13;11;6;3;3
727204.72235757;5503036.00152307;599808;Příbor;8112;Kopřivnice;8466;4150;4316;1292;652;640;5646;2895;2751;1528;603;925
723124.244204935;5504989.78337863;599832;Sedlnice;8115;Nový Jičín;1492;710;782;231;94;137;1018;513;505;243;103;140
696272.161630471;5509403.67091801;599867;Spálov;8116;Odry;876;441;435;137;82;55;576;289;287;163;70;93
711748.780817198;5494330.40318717;599905;Starý Jičín;8115;Nový Jičín;2815;1408;1407;478;239;239;1876;965;911;461;204;257
720945.566115425;5511467.92871041;599921;Studénka;8101;Bílovec;9720;4778;4942;1421;707;714;6500;3308;3192;1799;763;1036
711104.553882255;5504546.10488123;599930;Suchdol nad Odrou;8115;Nový Jičín;2634;1342;1292;429;226;203;1783;927;856;422;189;233
724814.248199094;5497371.52853847;599948;Štramberk;8112;Kopřivnice;3486;1742;1744;547;286;261;2248;1176;1072;691;280;411
732638.831853911;5495803.51559345;599956;Tichá;8105;Frenštát pod Radhoštěm;1771;877;894;302;156;146;1174;601;573;295;120;175
717368.343657929;5519898.79572034;599964;Tísek;8101;Bílovec;974;490;484;153;69;84;672;352;320;149;69;80
733745.788384857;5489225.89416478;599999;Trojanovice;8105;Frenštát pod Radhoštěm;2544;1294;1250;477;249;228;1642;857;785;425;188;237
